1 1.0 342 430 9645 10943 16491
2 1.0 472 3325 5046 6726 8943 13347
3 1.0 705
4 1.0 725
5 1.0 902 6744
6 1.0 928
7 1.0 1073 12901 14509
8 1.0 1719 3284 9031 15347 15487 16248 17116 17330
9 1.0 1811
10 1.0 1939 2453 3916 15361 15576
11 1.0 2222 16772
12 1.0 2264 9182 10113 14430 14872 15596
13 1.0 2525 5154 8589 16375
14 1.0 3640 17069
15 1.0 4262
16 1.0 4714
17 1.0 4825
18 1.0 5007
19 1.0 5037
20 1.0 5118
21 1.0 5644 13680
22 1.0 6420
23 1.0 7044 8559 11785 14640
24 1.0 7667
25 1.0 8012
26 1.0 8015 16894
27 1.0 9936
28 1.0 10018
29 1.0 10522 10890
30 1.0 11322
31 1.0 12001
32 1.0 12081 13924
33 1.0 12510
34 1.0 13197
35 1.0 15370
36 1.0 16828
37 1.0 187 16950
38 1.0 481 1132 1954 2175 2224 3352 4543 4607 5888 7155 8932 9080 9971 10398 11378 11395 11787 12930 13096 14750 15007 15697 16470 16992
39 1.0 2978 4023 12442
40 1.0 4539
41 1.0 61 14106
42 1.0 1616 7104 12663 15439 16399 17067
43 1.0 3091
44 1.0 4381
45 1.0 4456 7425
46 1.0 5552
47 1.0 7084
48 1.0 7835
49 1.0 8395 15385
50 1.0 9277
51 1.0 9970
52 1.0 11707
53 1.0 14943
54 1.0 15591
55 1.0 16909
56 1.0 129
57 1.0 527 2584 4015 4226 4341 5067 5714 6061 6867 7418 9184 9882 12172 12225 14790 15465
58 1.0 1064 7496
59 1.0 1426
60 1.0 2011 3937 4214 17007
61 1.0 2500
62 1.0 2872
63 1.0 3148 9001
64 1.0 3175
65 1.0 3545 4620
66 1.0 4566
67 1.0 5043 5798
68 1.0 5189
69 1.0 5803
70 1.0 6602 7576 13879
71 1.0 7264 7678 13195
72 1.0 7503
73 1.0 7820
74 1.0 8402
75 1.0 8583
76 1.0 8730
77 1.0 8969
78 1.0 9110
79 1.0 9212
80 1.0 9388
81 1.0 10009
82 1.0 10062 13007
83 1.0 10859
84 1.0 11313
85 1.0 12436
86 1.0 13094
87 1.0 15289
88 1.0 15551
89 1.0 15708
90 1.0 16069
91 1.0 16410
92 1.0 16576
93 1.0 17027
94 1.0 124
95 1.0 125 945 7174 13062
96 1.0 148
97 1.0 405 588 881 1019 1377 1737 1837 2078 2424 2600 2848 3015 5734 6279 6426 7297 7445 7450 7893 8223 9162 9207 9836 10180 10201 10360 11205 13248 13262 13599 13614 13651 14019 14342 14820 15268 15327 15443 15635 15717 15778 15970 16408 16874 17049 17312
98 1.0 439 2120 5752 6271 7328 7476 7697 7805 8197 9201 9848 10260 10838 10951 11159 13250 13479 13962 14332 15070 15159 16741
99 1.0 446
100 1.0 468 653 1044 1522 1756 1765 1880 1950 1961 2039 2696 2869 2985 3157 3191 3224 3470 3484 3733 4323 4338 4380 5450 5486 5593 6023 6028 6403 6432 6565 6732 6803 6868 7050 7094 7138 7212 7649 7688 7851 7951 8112 8172 8191 8252 8255 8509 8680 9064 9166 9284 9530 9975 10443 10628 10949 11270 11271 11442 11531 11544 11637 11837 11915 12108 12253 12727 12755 12762 12941 13049 13393 13544 13547 13671 13911 14160 14441 14885 14905 14928 15383 15544 15602 15754 16475 16856 16893 17020
101 1.0 574
102 1.0 792
103 1.0 830 15222
104 1.0 929 9347 11832 15447
105 1.0 981 17160
106 1.0 1112 2124 2980 4000 4136 4635 4879 5988 7729 8721 9513 9546 10884 12826 13525 13991 14584 15211 15750 16518
107 1.0 1729
108 1.0 1883 13528
109 1.0 1987 2263 2923 4498 6903 10568 11483 12942 15273 16743
110 1.0 2035 2270 2671 5123 5965 14956
111 1.0 2176 3608 15589 17294
112 1.0 2970
113 1.0 3074 4022
114 1.0 3516 6805 9899
115 1.0 3887
116 1.0 4052
117 1.0 4863 7493 10448 12034 13070 15005 17369
118 1.0 5250
119 1.0 5545
120 1.0 5832
121 1.0 6024
122 1.0 6203
123 1.0 6356
124 1.0 6557 16079
125 1.0 6640 9356 13603 15111 16377
126 1.0 7132
127 1.0 7561
128 1.0 7675 12305
129 1.0 8055 11768 16732
130 1.0 8162
131 1.0 8327
132 1.0 8495 12819 14223
133 1.0 9157
134 1.0 9431
135 1.0 9580
136 1.0 9902
137 1.0 9973
138 1.0 10032 12845
139 1.0 10178
140 1.0 10334
141 1.0 10349
142 1.0 11174
143 1.0 11575
144 1.0 11590 13904
145 1.0 11727
146 1.0 11918
147 1.0 12205
148 1.0 12726
149 1.0 13086
150 1.0 13255
151 1.0 13592
152 1.0 13678
153 1.0 14098
154 1.0 14131
155 1.0 14205
156 1.0 14222
157 1.0 14735
158 1.0 14803
159 1.0 15229
160 1.0 15689
161 1.0 15865
162 1.0 16198
163 1.0 16302
164 1.0 16837
165 1.0 87 549 654 947 957 988 1072 1287 3069 3377 3547 3793 4008 4040 4046 4068 4472 4834 5085 5293 5411 5431 5453 5723 6042 6157 6222 6236 6388 6476 6703 6711 7139 7278 7832 8020 8713 8952 9175 9341 9876 10246 10488 10554 10864 10901 10983 11357 11522 11601 11664 11745 11750 12008 12512 12659 12678 12961 13084 13313 13658 14315 14489 14924 14962 15165 15752 15784 15940 15966 16038 16118 16312 16945 16948 16953
166 1.0 236 1627 4617 6015 10022
167 1.0 323
168 1.0 355
169 1.0 539
170 1.0 584
171 1.0 688
172 1.0 820 3650 7294 16579
173 1.0 900 7226
174 1.0 927 3027
175 1.0 967
176 1.0 991
177 1.0 1141 5597 8922
178 1.0 1148
179 1.0 1270 12786 12920 15916
180 1.0 1306
181 1.0 1393
182 1.0 1402
183 1.0 1544
184 1.0 1622
185 1.0 1643
186 1.0 1677 5166 14776
187 1.0 1689
188 1.0 1691
189 1.0 1836
190 1.0 1878 9794
191 1.0 1940
192 1.0 2096 3174 4990 6171 8817 9688 10388 11211 15130
193 1.0 2196
194 1.0 2314 6041 15688
195 1.0 2343 11153 12310
196 1.0 2358
197 1.0 2402 2414 2867 7091 8276 8457 8828 9135 10152 12983 14530 15006 17286
198 1.0 2431 3748 9122 9946
199 1.0 2512 6444 8571 8760 10551 12058 13972 17112
200 1.0 2547
201 1.0 2580 3442 11334 11691 12951
202 1.0 2589
203 1.0 2611 10495 14241 14571 15788
204 1.0 2661 13211
205 1.0 2709 6005
206 1.0 2803 3861
207 1.0 2825 5735
208 1.0 2889 6762 7279 11074 13149 13531 14022
209 1.0 2952
210 1.0 3139
211 1.0 3246
212 1.0 3295
213 1.0 3353
214 1.0 3370
215 1.0 3385 13295
216 1.0 3395 4056 4560 5309 8840 9680 9746 9954 11381 12342 14621 16028 16363 16943
217 1.0 3436
218 1.0 3453 16479
219 1.0 3500 12587 16023
220 1.0 3558
221 1.0 3601 9815 10699 11421 12597 13261
222 1.0 3762
223 1.0 3815
224 1.0 3922
225 1.0 4183
226 1.0 4297 6098
227 1.0 4344
228 1.0 4437
229 1.0 4555
230 1.0 4655 17238
231 1.0 4730 8377 11539
232 1.0 4734 12271
233 1.0 4832 9396 11681 14255 14583 15639
234 1.0 4854 11101 14094
235 1.0 4970
236 1.0 5045
237 1.0 5122
238 1.0 5164
239 1.0 5297
240 1.0 5653 9610 14293 16618
241 1.0 5658
242 1.0 5783
243 1.0 5809 7082
244 1.0 5815
245 1.0 5873
246 1.0 5906
247 1.0 6010 6467 14262
248 1.0 6019
249 1.0 6160
250 1.0 6213
251 1.0 6337
252 1.0 6482
253 1.0 6517
254 1.0 6560
255 1.0 6612
256 1.0 6733
257 1.0 6825
258 1.0 6925
259 1.0 6954 8410
260 1.0 6964 14235
261 1.0 7017
262 1.0 7074 16273
263 1.0 7182 8381 8764
264 1.0 7204
265 1.0 7334
266 1.0 7367
267 1.0 7380
268 1.0 7406
269 1.0 7430
270 1.0 7793
271 1.0 7864
272 1.0 7957
273 1.0 8003 15133
274 1.0 8161
275 1.0 8304
276 1.0 8348
277 1.0 8438 10081 14201
278 1.0 8538
279 1.0 8884
280 1.0 9099
281 1.0 9156
282 1.0 9374
283 1.0 9691
284 1.0 10229
285 1.0 10354
286 1.0 10685
287 1.0 10723
288 1.0 10863
289 1.0 10930
290 1.0 11007
291 1.0 11067
292 1.0 11262
293 1.0 11473
294 1.0 11487
295 1.0 11599
296 1.0 11642
297 1.0 11659
298 1.0 12323
299 1.0 12550
300 1.0 12571
301 1.0 12748
302 1.0 12771
303 1.0 13109
304 1.0 13254
305 1.0 13395
306 1.0 13438
307 1.0 13530
308 1.0 13695
309 1.0 13736
310 1.0 13792
311 1.0 14060
312 1.0 14329
313 1.0 14372
314 1.0 14405
315 1.0 14482
316 1.0 14498
317 1.0 14676
318 1.0 14718
319 1.0 15280
320 1.0 15365
321 1.0 15368
322 1.0 15547
323 1.0 15645
324 1.0 15744
325 1.0 15863
326 1.0 15886
327 1.0 16116
328 1.0 16633
329 1.0 16722
330 1.0 16998
331 1.0 17211
332 1.0 17216
333 1.0 17259
334 1.0 41 1419 2399 3878 4839 5312 11207 11500 12039 12833 14100 14535 14772 15341 16760
335 1.0 50
336 1.0 93 971 2354 3921 4454 4701 5125 5194 5513 5523 7232 8040 8654 8831 11542 14452 15425 16054 16502
337 1.0 119
338 1.0 136
339 1.0 152 6141 7266
340 1.0 162 2595 2778 3610 5941 6498 7128 11945 12864 12880 13529 13707 14245 15492 16103
341 1.0 197
342 1.0 206 16524
343 1.0 208
344 1.0 241 1206 10911
345 1.0 325
346 1.0 332
347 1.0 341 7237 8251 11365
348 1.0 350 8593 16067
349 1.0 427
350 1.0 438
351 1.0 454 1859 6660 7935 8753 12197 14751 16551
352 1.0 455 781 1649 4945 4969 6664 12841 14874 16318 16416
353 1.0 493
354 1.0 517
355 1.0 541
356 1.0 543 3088 3818 6249 6457 7664 9642 9837 10647 10687 16532
357 1.0 636
358 1.0 641
359 1.0 690
360 1.0 701
361 1.0 801
362 1.0 851 1582
363 1.0 867
364 1.0 983 10648 13344 14736 16511
365 1.0 1005
366 1.0 1052
367 1.0 1067
368 1.0 1080
369 1.0 1133
370 1.0 1151 8188 15932
371 1.0 1177 2621
372 1.0 1195
373 1.0 1218 3561 5141 7516 9276 9590 11254 15631 16115
374 1.0 1235
375 1.0 1242 10625
376 1.0 1245
377 1.0 1258 4195
378 1.0 1319 1558 4131 4223 4422 4782 7092 9689 10264 10854 11173 17000
379 1.0 1348
380 1.0 1350 5186 6644 8728 12322 12647 16680 16742 17244
381 1.0 1385
382 1.0 1438 10139
383 1.0 1466
384 1.0 1539
385 1.0 1561
386 1.0 1625
387 1.0 1636 7116 12552 15233
388 1.0 1659 4898 13948
389 1.0 1675 8827 17261
390 1.0 1712 10946
391 1.0 1715
392 1.0 1717
393 1.0 1771 8601
394 1.0 1773 2132 4218 4351 8785 10084 10447 10626 11305 11722
395 1.0 1801 15019
396 1.0 1823 13061
397 1.0 1826 10376
398 1.0 1864 5082 6202 9107 11388 15739
399 1.0 1923 6532
400 1.0 1928
401 1.0 1948 11405 11515
402 1.0 1951 9241
403 1.0 1968
404 1.0 1977 2991 7712
405 1.0 2041 12650 12756 16356
406 1.0 2050
407 1.0 2075
408 1.0 2113
409 1.0 2180 12364
410 1.0 2181
411 1.0 2459 13311
412 1.0 2467 15675
413 1.0 2469
414 1.0 2496 3269 10558
415 1.0 2607
416 1.0 2630 6674
417 1.0 2653 7880
418 1.0 2725 9038
419 1.0 2733
420 1.0 2744
421 1.0 2788
422 1.0 2955
423 1.0 2988 4833 5096 10786
424 1.0 3090
425 1.0 3100
426 1.0 3120 12888
427 1.0 3154
428 1.0 3198
429 1.0 3218
430 1.0 3371
431 1.0 3381
432 1.0 3400 8504 12392 16534
433 1.0 3475
434 1.0 3567
435 1.0 3634
436 1.0 3792
437 1.0 3914 10593
438 1.0 3976 7458 15152
439 1.0 4066
440 1.0 4100 4476 7263 7841 12068 13925 14801
441 1.0 4144 11135 13337
442 1.0 4173
443 1.0 4203 4564
444 1.0 4265
445 1.0 4287 9890 11719 12974 16717
446 1.0 4290
447 1.0 4304
448 1.0 4305
449 1.0 4355 7009
450 1.0 4369 16243
451 1.0 4466 8489 17202
452 1.0 4480
453 1.0 4507
454 1.0 4512
455 1.0 4697
456 1.0 4788
457 1.0 4911
458 1.0 5070 6864
459 1.0 5238
460 1.0 5339 8278 8939 10452 11667 17170
461 1.0 5369 5900
462 1.0 5434
463 1.0 5534 5750
464 1.0 5540
465 1.0 5548
466 1.0 5562
467 1.0 5585
468 1.0 5591
469 1.0 5673 8193 11919 17242
470 1.0 5692
471 1.0 5696 12454 12795 16975
472 1.0 5742
473 1.0 5983
474 1.0 6035
475 1.0 6045
476 1.0 6046
477 1.0 6057 6648 6989 9346 13836 16559 16670 16829
478 1.0 6170 9920
479 1.0 6193
480 1.0 6241
481 1.0 6267 8982
482 1.0 6314
483 1.0 6614
484 1.0 6659 8660 13812
485 1.0 6676
486 1.0 6741
487 1.0 6765
488 1.0 6809
489 1.0 7026
490 1.0 7027
491 1.0 7120 11958 16558
492 1.0 7154 9547
493 1.0 7184
494 1.0 7203 7897 11675
495 1.0 7228
496 1.0 7272
497 1.0 7300 12719
498 1.0 7340
499 1.0 7400 14652
500 1.0 7408 11715
501 1.0 7410
502 1.0 7433 13940
503 1.0 7436
504 1.0 7499
505 1.0 7504
506 1.0 7557
507 1.0 7569
508 1.0 7629
509 1.0 7655
510 1.0 7770
511 1.0 7987
512 1.0 8051
513 1.0 8077
514 1.0 8163
515 1.0 8184 12498
516 1.0 8311
517 1.0 8328
518 1.0 8394
519 1.0 8476 16003
520 1.0 8526
521 1.0 8567
522 1.0 8774 10016
523 1.0 8855 15319 16748
524 1.0 8875
525 1.0 8883
526 1.0 8909
527 1.0 8917
528 1.0 9036
529 1.0 9066
530 1.0 9124
531 1.0 9183
532 1.0 9193
533 1.0 9251
534 1.0 9259
535 1.0 9289
536 1.0 9292
537 1.0 9364
538 1.0 9373
539 1.0 9426
540 1.0 9470
541 1.0 9502 15674
542 1.0 9516
543 1.0 9533
544 1.0 9537
545 1.0 9637
546 1.0 9649
547 1.0 9743
548 1.0 9770
549 1.0 9830
550 1.0 9847 12184 14627
551 1.0 9853 16212
552 1.0 9900
553 1.0 9976
554 1.0 10059
555 1.0 10122
556 1.0 10167
557 1.0 10186
558 1.0 10219
559 1.0 10240
560 1.0 10244
561 1.0 10250
562 1.0 10395
563 1.0 10402
564 1.0 10418
565 1.0 10454
566 1.0 10455
567 1.0 10569
568 1.0 10651
569 1.0 10660
570 1.0 10716
571 1.0 10774
572 1.0 10879 13400
573 1.0 10886
574 1.0 10903
575 1.0 10968
576 1.0 10981 11056
577 1.0 11000
578 1.0 11051
579 1.0 11140
580 1.0 11206
581 1.0 11209
582 1.0 11235
583 1.0 11503
584 1.0 11583
585 1.0 11638
586 1.0 11723
587 1.0 11778 16160
588 1.0 11788
589 1.0 11977 13239
590 1.0 12190
591 1.0 12211
592 1.0 12307 15683 17175
593 1.0 12386
594 1.0 12407
595 1.0 12446
596 1.0 12476
597 1.0 12557
598 1.0 12563
599 1.0 12629
600 1.0 12639
601 1.0 12657
602 1.0 12687
603 1.0 12714
604 1.0 12736
605 1.0 12767
606 1.0 12778
607 1.0 12808
608 1.0 12812
609 1.0 12847
610 1.0 12892
611 1.0 13035
612 1.0 13046
613 1.0 13194
614 1.0 13245
615 1.0 13257
616 1.0 13331
617 1.0 13426
618 1.0 13492
619 1.0 13697
620 1.0 13711
621 1.0 13731
622 1.0 13735
623 1.0 13863
624 1.0 13880
625 1.0 13888
626 1.0 13894
627 1.0 13914
628 1.0 13936 14873 15706
629 1.0 13988
630 1.0 14158
631 1.0 14165
632 1.0 14192
633 1.0 14257
634 1.0 14285
635 1.0 14402
636 1.0 14528
637 1.0 14635
638 1.0 14649
639 1.0 14686
640 1.0 14770
641 1.0 14781
642 1.0 14912
643 1.0 15038
644 1.0 15062
645 1.0 15077
646 1.0 15092
647 1.0 15103
648 1.0 15116
649 1.0 15122
650 1.0 15134
651 1.0 15377
652 1.0 15456
653 1.0 15479
654 1.0 15571
655 1.0 15667
656 1.0 15712
657 1.0 15753
658 1.0 15862
659 1.0 15922
660 1.0 15944
661 1.0 16184
662 1.0 16221
663 1.0 16285
664 1.0 16403
665 1.0 16505
666 1.0 16583
667 1.0 16762
668 1.0 16960
669 1.0 17038
670 1.0 17052
671 1.0 17105
672 1.0 17199
673 1.0 17203
674 1.0 17217
675 1.0 9535 9808
676 1.0 6
677 1.0 12 1568 1953 3040 3595 3641 5385 5506 6194 6623 7459 7965 9296 9948 10381 11122 11152 11216 11382 11429 13231 13253 13489 14002 14973 15555 16338 16490 16536 16868
678 1.0 28 528 4199 7121 8925 14720
679 1.0 32
680 1.0 38 4459 4814 10486
681 1.0 39
682 1.0 51
683 1.0 53 239 321 354 362 519 731 865 1389 1489 1548 1612 1708 2025 2034 2074 2535 2816 3447 4074 4177 4519 4640 4648 4772 4777 5033 5063 5069 5110 5135 5337 5345 5899 5974 6205 6209 6256 6397 6419 6455 6461 7633 7778 7947 8283 8446 8693 8912 9365 9604 9607 9863 10479 10673 11165 11389 12030 12456 12471 12496 13015 13103 13226 14814 15169 15476 15759 15909 15926 16303 16413 16712 16844 17033 17034 17209
684 1.0 54
685 1.0 100 196 324 1314 1329 1483 1615 1667 2204 2706 2974 3202 4115 4236 4312 6280 6763 6947 7507 7640 7752 7756 8579 8720 8765 8865 9298 10181 10190 10695 10756 11352 11893 11934 12099 12312 12640 12785 12856 13623 13905 13920 14291 15357 15386 16238 16537 16682 17086 17164
686 1.0 112 458 3365 4728 5746 8741 10335 11661 14733
687 1.0 144 260 3505 3771 9801 11069 11426 12921 14247
688 1.0 158
689 1.0 160
690 1.0 167 444 10060 11105 12682
691 1.0 176
692 1.0 178
693 1.0 198
694 1.0 210
695 1.0 211 8551
696 1.0 225
697 1.0 234
698 1.0 276
699 1.0 284
700 1.0 291
701 1.0 294
702 1.0 295
703 1.0 304 15611
704 1.0 334
705 1.0 349 7467
706 1.0 361 5012 6381 6917 7887 8315 8863 9299 9977 9996 10200 11241 16477
707 1.0 368
708 1.0 376 754 5564 9874 11982 12028
709 1.0 383
710 1.0 404 8824 11349
711 1.0 428 12293
712 1.0 432 12439
713 1.0 450
714 1.0 463
715 1.0 469 5423 8351
716 1.0 474
717 1.0 478
718 1.0 492
719 1.0 553
720 1.0 575
721 1.0 595
722 1.0 626
723 1.0 632
724 1.0 663
725 1.0 691
726 1.0 696 7122 15911 16698
727 1.0 697 916 1409 2147 2809 3092 6009 7176 8155 8968 11091 12180 13053 13063 15707 15923 16167
728 1.0 732
729 1.0 749 3676 6362 6677 7461 10807 10883 11330 14325 16382
730 1.0 761
731 1.0 773
732 1.0 782 3918 6308 7158 7801 10967 11984 12339 13044 13068 13494 14998 15068 15186 15243 15391 15581 16629
733 1.0 788 2086 2993 3593 4424 5762 8217 14190 16021 16674
734 1.0 791
735 1.0 804
736 1.0 822 4329 6060 6905 8846 8976 9283
737 1.0 874
738 1.0 898 6396 7377
739 1.0 904 15651
740 1.0 907
741 1.0 921
742 1.0 976 4689 5064 10894 11937 14194 15732
743 1.0 998
744 1.0 1009
745 1.0 1028
746 1.0 1083 9593 15908
747 1.0 1127
748 1.0 1135 3368
749 1.0 1138
750 1.0 1140 2167 5441 7234 10515 12416 16941
751 1.0 1146
752 1.0 1155
753 1.0 1159
754 1.0 1167 1553 3096 4067 4743 5256 7028 7502 8955 9311 12936 12995 15337 16037 16888
755 1.0 1168
756 1.0 1197 1862
757 1.0 1279
758 1.0 1330
759 1.0 1336
760 1.0 1346 3229 4465 7052 9398 10435 11266 12477 14057 15506
761 1.0 1357
762 1.0 1359
763 1.0 1407
764 1.0 1413 5343 7409 10065 15037 15927 16507
765 1.0 1414 14173
766 1.0 1415 17194
767 1.0 1420
768 1.0 1437
769 1.0 1443
770 1.0 1450
771 1.0 1460
772 1.0 1476
773 1.0 1484 6368 13104 15220
774 1.0 1492
775 1.0 1502
776 1.0 1509
777 1.0 1515 11999
778 1.0 1524 1748 2271 2372 3020 3099 4716 6113 6196 7161 7319 9558 9823 10960 11567 13481 13669 15279 15619 16345 16639 16885
779 1.0 1549 1984 3799 7447 8745 11526 13549 13783 15503
780 1.0 1576
781 1.0 1597
782 1.0 1605
783 1.0 1607
784 1.0 1609
785 1.0 1632 2797 4230 4912 4913 7928 8037 9991 11767 13439 15757 16708
786 1.0 1672
787 1.0 1682
788 1.0 1686
789 1.0 1699 11164 16588
790 1.0 1703 9392
791 1.0 1721 6827
792 1.0 1738 3817 9360 16587
793 1.0 1759 5150
794 1.0 1761 4032
795 1.0 1762
796 1.0 1768
797 1.0 1778
798 1.0 1782 13342
799 1.0 1820
800 1.0 1830
801 1.0 1848
802 1.0 1919 4007 4967 7878 8957 9667 14586
803 1.0 1927
804 1.0 1938
805 1.0 1990
806 1.0 2005 2495 3178 4831
807 1.0 2009 5879 10303 10574 10872 11260
808 1.0 2012
809 1.0 2044 15527
810 1.0 2070 8722 10621 11423 11501 12690 13425 14996 17274
811 1.0 2077
812 1.0 2092 15583
813 1.0 2153
814 1.0 2172
815 1.0 2191 5462 5475 5631 8023 15463 16049 16374 16411
816 1.0 2202
817 1.0 2219
818 1.0 2225
819 1.0 2228
820 1.0 2234
821 1.0 2243
822 1.0 2304 4952 14086 16525
823 1.0 2316 2385 3307 10962 12372 14603 14876
824 1.0 2338
825 1.0 2362
826 1.0 2381
827 1.0 2383 5359 6344 7473
828 1.0 2393
829 1.0 2398
830 1.0 2408
831 1.0 2416
832 1.0 2429
833 1.0 2474
834 1.0 2483
835 1.0 2540
836 1.0 2569 4562
837 1.0 2575 7451 11887 14328
838 1.0 2576 6031 6710 7912 11295 11454 13112 13125
839 1.0 2583
840 1.0 2618 3013 14784
841 1.0 2633 4542 7884 15608
842 1.0 2643
843 1.0 2646
844 1.0 2656 12256
845 1.0 2698 4808
846 1.0 2701 5447 15311
847 1.0 2716
848 1.0 2752
849 1.0 2764
850 1.0 2770
851 1.0 2784
852 1.0 2834 6375
853 1.0 2857 7277 16214 16631
854 1.0 2885
855 1.0 2927
856 1.0 2944 3298
857 1.0 2997
858 1.0 3005
859 1.0 3011
860 1.0 3060 9995
861 1.0 3073
862 1.0 3075 11818
863 1.0 3094
864 1.0 3104
865 1.0 3125
866 1.0 3133
867 1.0 3156 10599 17249
868 1.0 3171 11008 16781
869 1.0 3181
870 1.0 3206 7544 8820
871 1.0 3213 7002
872 1.0 3281
873 1.0 3304 14608
874 1.0 3305
875 1.0 3323 4889 7806 14439 16783
876 1.0 3336 3884 5442 7498 7706 7764 8254 10498 11293 11511 13452 14078 16032 16968 17267
877 1.0 3394
878 1.0 3397
879 1.0 3404
880 1.0 3430
881 1.0 3452
882 1.0 3482 12162
883 1.0 3488 8450
884 1.0 3501
885 1.0 3514
886 1.0 3551
887 1.0 3605 6583 13607
888 1.0 3615
889 1.0 3620 6165 8186 11212
890 1.0 3629 8034 11756
891 1.0 3649
892 1.0 3693 5786
893 1.0 3752 7605 12730
894 1.0 3828 15599 16691
895 1.0 3830
896 1.0 3833
897 1.0 3904 4169 4405 5554
898 1.0 3934
899 1.0 3943 7975 10457
900 1.0 3948 6105
901 1.0 3951
902 1.0 3983
903 1.0 4091
904 1.0 4139
905 1.0 4153
906 1.0 4155
907 1.0 4166
908 1.0 4184
909 1.0 4185
910 1.0 4216 14631
911 1.0 4235
912 1.0 4250
913 1.0 4309
914 1.0 4397
915 1.0 4402
916 1.0 4415 5864 8566
917 1.0 4421
918 1.0 4423 15339
919 1.0 4432 10278
920 1.0 4447
921 1.0 4451
922 1.0 4452 12943 14011
923 1.0 4494 8940 13095
924 1.0 4565
925 1.0 4569
926 1.0 4576 5666
927 1.0 4658 6834
928 1.0 4677
929 1.0 4690
930 1.0 4765
931 1.0 4773
932 1.0 4784
933 1.0 4806 8400 12319
934 1.0 4877
935 1.0 4948
936 1.0 5065
937 1.0 5079 6363
938 1.0 5113
939 1.0 5142 6667 9478 10665 12872 13471
940 1.0 5144
941 1.0 5206
942 1.0 5214 5792
943 1.0 5229
944 1.0 5236
945 1.0 5242
946 1.0 5276
947 1.0 5305
948 1.0 5373
949 1.0 5425
950 1.0 5438
951 1.0 5473 6870
952 1.0 5489 6879 12922 13978 15009
953 1.0 5492
954 1.0 5517
955 1.0 5543
956 1.0 5551
957 1.0 5553
958 1.0 5559
959 1.0 5599 9102
960 1.0 5606
961 1.0 5610
962 1.0 5675
963 1.0 5680
964 1.0 5682
965 1.0 5694
966 1.0 5747
967 1.0 5755
968 1.0 5766
969 1.0 5804
970 1.0 5816
971 1.0 5818 15736
972 1.0 5823
973 1.0 5855
974 1.0 5874
975 1.0 5880
976 1.0 5935 14555
977 1.0 5953
978 1.0 5963
979 1.0 5969
980 1.0 5971 10265 14675
981 1.0 5976
982 1.0 5996
983 1.0 6012
984 1.0 6044
985 1.0 6071 7054
986 1.0 6075
987 1.0 6080
988 1.0 6088
989 1.0 6096
990 1.0 6103
991 1.0 6129
992 1.0 6140
993 1.0 6173
994 1.0 6185
995 1.0 6199
996 1.0 6204
997 1.0 6207
998 1.0 6221
999 1.0 6234 7112
1000 1.0 6294 9177
1001 1.0 6304 7501
1002 1.0 6309
1003 1.0 6345
1004 1.0 6370
1005 1.0 6377
1006 1.0 6415
1007 1.0 6434
1008 1.0 6439 6888 11817
1009 1.0 6451
1010 1.0 6466 11175
1011 1.0 6475
1012 1.0 6493
1013 1.0 6536
1014 1.0 6577 7249
1015 1.0 6600 12084 12208
1016 1.0 6607
1017 1.0 6613
1018 1.0 6636
1019 1.0 6666
1020 1.0 6714
1021 1.0 6718
1022 1.0 6720
1023 1.0 6766
1024 1.0 6767
1025 1.0 6781
1026 1.0 6798 14168 16342 17154
1027 1.0 6830
1028 1.0 6832
1029 1.0 6833
1030 1.0 6899
1031 1.0 6909
1032 1.0 6937
1033 1.0 6938
1034 1.0 6942 13369
1035 1.0 6960
1036 1.0 7012
1037 1.0 7072
1038 1.0 7142
1039 1.0 7175 16827
1040 1.0 7185
1041 1.0 7187
1042 1.0 7200
1043 1.0 7205 14188
1044 1.0 7255
1045 1.0 7271
1046 1.0 7276
1047 1.0 7289
1048 1.0 7292
1049 1.0 7295
1050 1.0 7325
1051 1.0 7330
1052 1.0 7333
1053 1.0 7393
1054 1.0 7460
1055 1.0 7479
1056 1.0 7480
1057 1.0 7511
1058 1.0 7527
1059 1.0 7597 12649
1060 1.0 7638
1061 1.0 7644
1062 1.0 7650
1063 1.0 7665
1064 1.0 7671 12219
1065 1.0 7681 16721
1066 1.0 7691
1067 1.0 7707
1068 1.0 7713
1069 1.0 7716
1070 1.0 7743
1071 1.0 7791 16457
1072 1.0 7809
1073 1.0 7812 13638 17053
1074 1.0 7815
1075 1.0 7858 12216
1076 1.0 7925
1077 1.0 7964
1078 1.0 7976
1079 1.0 8019
1080 1.0 8025
1081 1.0 8069
1082 1.0 8085
1083 1.0 8099
1084 1.0 8106 9764
1085 1.0 8137
1086 1.0 8145
1087 1.0 8195
1088 1.0 8212
1089 1.0 8244
1090 1.0 8258
1091 1.0 8277
1092 1.0 8308
1093 1.0 8347
1094 1.0 8349
1095 1.0 8354
1096 1.0 8368
1097 1.0 8389
1098 1.0 8401
1099 1.0 8433
1100 1.0 8442
1101 1.0 8447
1102 1.0 8469
1103 1.0 8475 8496
1104 1.0 8481
1105 1.0 8490
1106 1.0 8497
1107 1.0 8506
1108 1.0 8524
1109 1.0 8537
1110 1.0 8560
1111 1.0 8591
1112 1.0 8616
1113 1.0 8619
1114 1.0 8643
1115 1.0 8684
1116 1.0 8727
1117 1.0 8736
1118 1.0 8740
1119 1.0 8743
1120 1.0 8851 10253
1121 1.0 8878
1122 1.0 8900
1123 1.0 8944 14642
1124 1.0 9012
1125 1.0 9026
1126 1.0 9050
1127 1.0 9059
1128 1.0 9256 14588
1129 1.0 9317
1130 1.0 9333
1131 1.0 9358
1132 1.0 9367 14090
1133 1.0 9413
1134 1.0 9462
1135 1.0 9472
1136 1.0 9498
1137 1.0 9506
1138 1.0 9536
1139 1.0 9542
1140 1.0 9543
1141 1.0 9555
1142 1.0 9654
1143 1.0 9686
1144 1.0 9718
1145 1.0 9739
1146 1.0 9798
1147 1.0 9821
1148 1.0 9857
1149 1.0 9923 11096
1150 1.0 10004
1151 1.0 10012
1152 1.0 10015 12160 13979 16724
1153 1.0 10030
1154 1.0 10047
1155 1.0 10090 13386
1156 1.0 10110
1157 1.0 10123
1158 1.0 10124
1159 1.0 10170
1160 1.0 10187
1161 1.0 10270
1162 1.0 10284
1163 1.0 10285
1164 1.0 10342 15331
1165 1.0 10348
1166 1.0 10375
1167 1.0 10404
1168 1.0 10407
1169 1.0 10450
1170 1.0 10525
1171 1.0 10583
1172 1.0 10587
1173 1.0 10624
1174 1.0 10711
1175 1.0 10721
1176 1.0 10733
1177 1.0 10759
1178 1.0 10767
1179 1.0 10768
1180 1.0 10812
1181 1.0 10849
1182 1.0 10963 14602
1183 1.0 10979
1184 1.0 10990
1185 1.0 10997
1186 1.0 10998
1187 1.0 11005
1188 1.0 11043
1189 1.0 11059
1190 1.0 11075
1191 1.0 11130
1192 1.0 11167
1193 1.0 11233
1194 1.0 11284 11867 17070
1195 1.0 11304
1196 1.0 11314
1197 1.0 11327
1198 1.0 11335
1199 1.0 11342
1200 1.0 11383
1201 1.0 11416
1202 1.0 11417
1203 1.0 11422
1204 1.0 11457
1205 1.0 11478
1206 1.0 11484 14063
1207 1.0 11513
1208 1.0 11537
1209 1.0 11574
1210 1.0 11579
1211 1.0 11595 12183
1212 1.0 11640 14840 16821
1213 1.0 11647
1214 1.0 11676
1215 1.0 11684 14254
1216 1.0 11726
1217 1.0 11805
1218 1.0 11822
1219 1.0 11872
1220 1.0 11873 14217
1221 1.0 11886
1222 1.0 11947
1223 1.0 11963
1224 1.0 11990
1225 1.0 12026
1226 1.0 12053
1227 1.0 12076
1228 1.0 12104
1229 1.0 12107
1230 1.0 12111
1231 1.0 12113
1232 1.0 12158
1233 1.0 12227
1234 1.0 12237
1235 1.0 12243 13691
1236 1.0 12347
1237 1.0 12352
1238 1.0 12361
1239 1.0 12402
1240 1.0 12411
1241 1.0 12467
1242 1.0 12478 12793
1243 1.0 12515 13846
1244 1.0 12516
1245 1.0 12537
1246 1.0 12541
1247 1.0 12594
1248 1.0 12598
1249 1.0 12603
1250 1.0 12634
1251 1.0 12671
1252 1.0 12674
1253 1.0 12679
1254 1.0 12699
1255 1.0 12706
1256 1.0 12713
1257 1.0 12734
1258 1.0 12752
1259 1.0 12760
1260 1.0 12787
1261 1.0 12807
1262 1.0 12820
1263 1.0 12827
1264 1.0 12844
1265 1.0 12869
1266 1.0 12913
1267 1.0 12916
1268 1.0 12928
1269 1.0 12965 13422
1270 1.0 13019
1271 1.0 13029
1272 1.0 13040
1273 1.0 13073
1274 1.0 13100
1275 1.0 13105
1276 1.0 13134
1277 1.0 13140
1278 1.0 13155
1279 1.0 13170 15811
1280 1.0 13183
1281 1.0 13185
1282 1.0 13359
1283 1.0 13366
1284 1.0 13414
1285 1.0 13445
1286 1.0 13552
1287 1.0 13597
1288 1.0 13639
1289 1.0 13686
1290 1.0 13715
1291 1.0 13751
1292 1.0 13752
1293 1.0 13785
1294 1.0 13802
1295 1.0 13803
1296 1.0 13810
1297 1.0 13830
1298 1.0 13885
1299 1.0 13935
1300 1.0 13974
1301 1.0 13992
1302 1.0 14008 16458
1303 1.0 14045
1304 1.0 14053
1305 1.0 14091
1306 1.0 14107
1307 1.0 14153
1308 1.0 14214
1309 1.0 14349
1310 1.0 14353
1311 1.0 14422
1312 1.0 14438
1313 1.0 14500
1314 1.0 14517
1315 1.0 14551
1316 1.0 14574
1317 1.0 14644
1318 1.0 14663 16774
1319 1.0 14670
1320 1.0 14679
1321 1.0 14711
1322 1.0 14734
1323 1.0 14778
1324 1.0 14799
1325 1.0 14809
1326 1.0 14811
1327 1.0 14826
1328 1.0 14953
1329 1.0 14961
1330 1.0 15029
1331 1.0 15033
1332 1.0 15045
1333 1.0 15047
1334 1.0 15065
1335 1.0 15106
1336 1.0 15176
1337 1.0 15189
1338 1.0 15241
1339 1.0 15256 16928
1340 1.0 15266
1341 1.0 15270
1342 1.0 15300
1343 1.0 15312
1344 1.0 15322
1345 1.0 15461
1346 1.0 15470
1347 1.0 15526
1348 1.0 15554
1349 1.0 15618
1350 1.0 15669
1351 1.0 15690
1352 1.0 15692
1353 1.0 15734
1354 1.0 15812
1355 1.0 15853
1356 1.0 15876
1357 1.0 15931
1358 1.0 15973
1359 1.0 16005 16605
1360 1.0 16017
1361 1.0 16020
1362 1.0 16022
1363 1.0 16074
1364 1.0 16144
1365 1.0 16171
1366 1.0 16217
1367 1.0 16232
1368 1.0 16242
1369 1.0 16255
1370 1.0 16266
1371 1.0 16304
1372 1.0 16310
1373 1.0 16314
1374 1.0 16343
1375 1.0 16401
1376 1.0 16446
1377 1.0 16449
1378 1.0 16468
1379 1.0 16480
1380 1.0 16483
1381 1.0 16515
1382 1.0 16553
1383 1.0 16593
1384 1.0 16638
1385 1.0 16675
1386 1.0 16715
1387 1.0 16726
1388 1.0 16754
1389 1.0 16798
1390 1.0 16833
1391 1.0 16846
1392 1.0 16892
1393 1.0 16898
1394 1.0 16904
1395 1.0 16972
1396 1.0 16995
1397 1.0 17044
1398 1.0 17108
1399 1.0 17156
1400 1.0 17159
1401 1.0 17230
1402 1.0 17252
1403 1.0 17264
1404 1.0 17271
1405 1.0 17313
1406 1.0 17325
1407 1.0 17343
1408 1.0 92 1118 2863 5383 6143 11082 15477 16026
1409 1.0 7771 8192 8670 11751 12362 14585
1410 1.0 9956 11273
1411 1.0 10512 14875
1412 1.0 12412
1413 1.0 13
1414 1.0 20 59 508 751 1097 1263 1546 1956 2083 2156 2659 3374 3424 3773 3896 3913 4204 4666 5026 5151 6955 7151 7500 7842 7921 8047 8073 8388 8484 8755 8797 8810 8859 9272 9351 10227 10615 11158 11244 11547 11735 12188 12645 12935 13114 13689 14725 14745 14870 14914 14921 15998 16129
1415 1.0 26 3991 4217
1416 1.0 30 6923 9273 15720
1417 1.0 42 7860
1418 1.0 46
1419 1.0 60 111 495 513 623 764 999 1513 1626 1813 1871 2425 2688 2962 3066 3599 3600 3787 3847 4238 4947 5933 6011 6156 6464 6501 6680 7704 7717 7843 8293 8371 8434 8595 8602 9339 9469 9552 9753 9838 10029 10132 10199 10252 10483 10610 11510 11580 11829 11986 12032 12457 12866 12889 13826 13857 14112 14392 14559 14721 15170 15406 15438 15455 15630 15719 15819 15871 16727 16905 17039 17180 17275 17276
1420 1.0 64 3162 6128 10892 10915
1421 1.0 67 10781
1422 1.0 68 579 15831
1423 1.0 73
1424 1.0 79
1425 1.0 82 2831 3784 4779 6940 8046 10617 11224 13222 14302 15089
1426 1.0 98 2891 11992
1427 1.0 105 1620 8474 13725 14092
1428 1.0 106 4181
1429 1.0 107 16562
1430 1.0 108 15917
1431 1.0 120
1432 1.0 128 12939
1433 1.0 137 11436 15770
1434 1.0 149 467 3947 6907 7238 9736 13518
1435 1.0 153
1436 1.0 175
1437 1.0 179
1438 1.0 183
1439 1.0 191 12775
1440 1.0 194
1441 1.0 201 3429 5080 6844 7483 15304
1442 1.0 203
1443 1.0 216
1444 1.0 228 12394 13264 15761
1445 1.0 251 353 1150 1585 1731 2091 2347 2507 3170 3449 3465 4051 4055 4495 4602 4660 4750 4966 5016 5705 6180 7156 7848 7933 8004 8353 8543 8617 8659 9423 9724 9727 9951 10196 10567 10813 11688 12179 12353 12621 12651 12668 12754 12769 12811 13256 13616 13964 14015 14031 15193 16173 16235 16239 16640 17106
1446 1.0 256 3002 7621 15507
1447 1.0 257
1448 1.0 258
1449 1.0 265 6998 10510 14930
1450 1.0 268 9747 11846
1451 1.0 281
1452 1.0 288 3794 8742 8833 9494 10011 10052 12607
1453 1.0 299
1454 1.0 301
1455 1.0 306 5740 8263 12877 15705
1456 1.0 326
1457 1.0 329
1458 1.0 331 1060 2231 3960 4621 6192 7694 8665 10396
1459 1.0 347
1460 1.0 351 3933
1461 1.0 358
1462 1.0 371
1463 1.0 372 655 1378 1779 2004 2369 2702 3107 3223 5560 7202 7816 8750 8938 8987 9077 9309 10026 10157 10191 11062 11144 11403 11858 12263 12356 13168 13232 14246 15025 16197 16621 16693 16876 17374
1464 1.0 393
1465 1.0 396 2366 12924 17301
1466 1.0 397 1646 1747 3029 3260 4180 4864 8339 8712 9802 10096 11591 12455 12838 13064 14569 16542 16842
1467 1.0 406 8648 8983 10885
1468 1.0 412 1986 2954 8676 14472
1469 1.0 420
1470 1.0 426
1471 1.0 431 6153
1472 1.0 441 3172
1473 1.0 442
1474 1.0 460 6735
1475 1.0 461
1476 1.0 465 913 7245 11021 16291
1477 1.0 470 8257 9878 16792
1478 1.0 475 4783
1479 1.0 480
1480 1.0 482 1130 1352 1508 1850 2593 3720 5098 7746 7876 8399 10694 11890 12503
1481 1.0 487
1482 1.0 497
1483 1.0 499
1484 1.0 505 1016 1644 3682 5418 8841 9817 9859 14513 15830
1485 1.0 509
1486 1.0 512
1487 1.0 516 9167
1488 1.0 523 16267
1489 1.0 530
1490 1.0 533
1491 1.0 534
1492 1.0 536
1493 1.0 576
1494 1.0 586 8329 15992 17009
1495 1.0 600 2710 3012 7169
1496 1.0 613
1497 1.0 629 2943 13419
1498 1.0 642
1499 1.0 646
1500 1.0 649 2131 3272 6930 8436 11103 12993 14768 15160 17134
1501 1.0 664
1502 1.0 671 980 1040 3755 7927 8148 9895 11706 14933 15980
1503 1.0 672 10352 16195
1504 1.0 675
1505 1.0 677 1293 1302 2998 5127 5594 6176 6297 6629 9300 10299
1506 1.0 685
1507 1.0 694 7850
1508 1.0 710 14539
1509 1.0 711 2472 3160 3579 4440 4481 5356 5629 5856 7117 7338 8196 8445 9782 9918 9945 10175 10631 11424 11490 12763 14006 14185 17277
1510 1.0 715
1511 1.0 720 5936 8658
1512 1.0 726
1513 1.0 727
1514 1.0 728
1515 1.0 743 15363
1516 1.0 755 2841 6237
1517 1.0 762 2413 7336 11125 13120
1518 1.0 770
1519 1.0 771
1520 1.0 772 11339 15725
1521 1.0 775
1522 1.0 780 3122 7427 14694 15821
1523 1.0 796
1524 1.0 808
1525 1.0 809 3255
1526 1.0 821
1527 1.0 846 7852 7905 10287 12376
1528 1.0 847
1529 1.0 858
1530 1.0 861
1531 1.0 875
1532 1.0 879
1533 1.0 884 14599
1534 1.0 887
1535 1.0 889 1688 7235 11030 11800
1536 1.0 892
1537 1.0 919 7517 14308 15226 15297 15485
1538 1.0 922 2731 3574 4393 4462 4937 5528 6927 6946 8159 9280 9756 11129 13335
1539 1.0 926 2028 11025 12631 13934
1540 1.0 932
1541 1.0 934
1542 1.0 944
1543 1.0 946 5660 6707 9706 11842 14040
1544 1.0 948 5793 7366 7917 13886
1545 1.0 953
1546 1.0 958
1547 1.0 964
1548 1.0 977
1549 1.0 993 5817
1550 1.0 1025
1551 1.0 1030
1552 1.0 1035
1553 1.0 1037 5213 5482
1554 1.0 1046
1555 1.0 1047 5980 9609
1556 1.0 1049 9491
1557 1.0 1055 14609
1558 1.0 1065 4531
1559 1.0 1069
1560 1.0 1074 7617 13370 14259 15989 16112
1561 1.0 1076
1562 1.0 1077
1563 1.0 1082
1564 1.0 1092 11773 13856
1565 1.0 1122
1566 1.0 1123 17111
1567 1.0 1128 10646
1568 1.0 1136 12722 13267
1569 1.0 1152
1570 1.0 1166 2510
1571 1.0 1175 3889 6835 7281 10008
1572 1.0 1196
1573 1.0 1209
1574 1.0 1213
1575 1.0 1214
1576 1.0 1216 8529
1577 1.0 1219 10928 12223 17391
1578 1.0 1222
1579 1.0 1226 2443 2594 2895 4719 7042 10344 10451 12033 13718 14474 15123 15478 17097
1580 1.0 1233 7755 8480 13719
1581 1.0 1238
1582 1.0 1246
1583 1.0 1248 2371 4362 6325 7080 10817 11672 15486 16174
1584 1.0 1250 10514 17372
1585 1.0 1255
1586 1.0 1268 2685 4973 8860 12049 13076 14421 16061
1587 1.0 1271 1401 1525 2373 5162 6357 6543 6704 7163 8220 8418 8458 8530 9291 10745 10862 12327 13896 14081 14866 14954 15035 15185 15281 16938
1588 1.0 1277
1589 1.0 1282
1590 1.0 1284 1885
1591 1.0 1288
1592 1.0 1322 7834
1593 1.0 1334 3598 9611 10176 15661
1594 1.0 1347 2963 17050
1595 1.0 1374
1596 1.0 1386
1597 1.0 1388 2102 3655 8682 8766 10314
1598 1.0 1399 3668 6347 9730 12931
1599 1.0 1400 5852 9030
1600 1.0 1411 7492 15665
1601 1.0 1412 5834
1602 1.0 1428
1603 1.0 1431
1604 1.0 1439
1605 1.0 1441
1606 1.0 1452
1607 1.0 1453
1608 1.0 1462
1609 1.0 1465
1610 1.0 1468 9550 15672
1611 1.0 1474
1612 1.0 1481
1613 1.0 1488 12849 16585
1614 1.0 1533
1615 1.0 1541 9098
1616 1.0 1554 7549
1617 1.0 1556 17189
1618 1.0 1563
1619 1.0 1574
1620 1.0 1575 4242
1621 1.0 1591
1622 1.0 1593 3054 5097 7955 8793
1623 1.0 1602
1624 1.0 1603
1625 1.0 1617 14424
1626 1.0 1641 13167
1627 1.0 1650 11102
1628 1.0 1656
1629 1.0 1658 2932 6750 7906 9457 10401 10701 11649 14240 16276
1630 1.0 1661
1631 1.0 1676 7663 9451 9628 10054 10114 10489 10611 10649 11699 12005 15445 16233 16907
1632 1.0 1683
1633 1.0 1698 2579 5778 12940 15325
1634 1.0 1709 3473
1635 1.0 1718
1636 1.0 1755 10306
1637 1.0 1774
1638 1.0 1786
1639 1.0 1799 10632 17151
1640 1.0 1805 13310 16068 16957
1641 1.0 1818
1642 1.0 1821
1643 1.0 1832
1644 1.0 1846 13825
1645 1.0 1851 2267 6307 13284
1646 1.0 1852
1647 1.0 1877 4980
1648 1.0 1886 10564
1649 1.0 1895 6361 10664 12220 12579 15142 15202 16196
1650 1.0 1920
1651 1.0 1922 6856
1652 1.0 1924
1653 1.0 1944
1654 1.0 1957
1655 1.0 1962
1656 1.0 2006
1657 1.0 2014
1658 1.0 2023
1659 1.0 2030
1660 1.0 2037 7730 7768
1661 1.0 2057 3437 12975
1662 1.0 2065 4261 14899
1663 1.0 2073 3036 9548 16389
1664 1.0 2079 3423 4431 16513
1665 1.0 2087
1666 1.0 2134
1667 1.0 2139
1668 1.0 2142 6383 13178 14033
1669 1.0 2151
1670 1.0 2155
1671 1.0 2164 11414
1672 1.0 2177
1673 1.0 2188
1674 1.0 2201
1675 1.0 2213
1676 1.0 2226
1677 1.0 2238 11052
1678 1.0 2245
1679 1.0 2254
1680 1.0 2259
1681 1.0 2268
1682 1.0 2295
1683 1.0 2308 5153
1684 1.0 2322
1685 1.0 2334
1686 1.0 2342
1687 1.0 2346
1688 1.0 2349
1689 1.0 2360
1690 1.0 2361
1691 1.0 2374 2591 3275 4907 10092
1692 1.0 2379 4525
1693 1.0 2386
1694 1.0 2387
1695 1.0 2409
1696 1.0 2423 6749 10875 11093 11200 13238 15190
1697 1.0 2435
1698 1.0 2471 9391 11299 16598
1699 1.0 2478
1700 1.0 2482
1701 1.0 2490
1702 1.0 2492 5877 7415 8361 10148 15505
1703 1.0 2521
1704 1.0 2539
1705 1.0 2544
1706 1.0 2551
1707 1.0 2561 10925
1708 1.0 2586
1709 1.0 2587 6630 8341 10101 11464 12143 15263 15636 15985
1710 1.0 2592 8075
1711 1.0 2620 10829
1712 1.0 2627 9666 9732
1713 1.0 2635 6953
1714 1.0 2649
1715 1.0 2651
1716 1.0 2666
1717 1.0 2669
1718 1.0 2672
1719 1.0 2679
1720 1.0 2681 4557 9544
1721 1.0 2694 15421
1722 1.0 2717
1723 1.0 2723
1724 1.0 2734 16427
1725 1.0 2736 6788
1726 1.0 2740
1727 1.0 2749
1728 1.0 2776
1729 1.0 2786
1730 1.0 2796
1731 1.0 2800
1732 1.0 2801
1733 1.0 2805
1734 1.0 2810
1735 1.0 2819 4059
1736 1.0 2838 3570 4619 10474 10764 13087 13708 16078 17091
1737 1.0 2842 11194
1738 1.0 2852
1739 1.0 2859 3165 8440
1740 1.0 2860
1741 1.0 2865 3124
1742 1.0 2877 5405 9952 12395 12925
1743 1.0 2882 15433 15473
1744 1.0 2893 3146 6124 14415
1745 1.0 2899 3690 7256 7881 10215 11966 12306
1746 1.0 2912
1747 1.0 2913
1748 1.0 2922
1749 1.0 2928
1750 1.0 2931
1751 1.0 2937
1752 1.0 2948 12437
1753 1.0 2957
1754 1.0 2958 4245 12963
1755 1.0 2979 11761
1756 1.0 3044
1757 1.0 3055
1758 1.0 3059
1759 1.0 3067
1760 1.0 3070 11343 12863
1761 1.0 3078
1762 1.0 3089
1763 1.0 3095 4191 6303 10089 12711 12906 17224
1764 1.0 3123
1765 1.0 3136
1766 1.0 3138
1767 1.0 3142
1768 1.0 3147
1769 1.0 3205 4936 12575
1770 1.0 3208
1771 1.0 3210
1772 1.0 3216
1773 1.0 3222 3953 11446 13303
1774 1.0 3232 10323
1775 1.0 3245 3631
1776 1.0 3253
1777 1.0 3258 7636
1778 1.0 3264
1779 1.0 3277
1780 1.0 3280 9081
1781 1.0 3283
1782 1.0 3316
1783 1.0 3321 16200
1784 1.0 3344
1785 1.0 3351 16136
1786 1.0 3373 9639
1787 1.0 3376
1788 1.0 3388
1789 1.0 3398
1790 1.0 3399
1791 1.0 3405
1792 1.0 3419
1793 1.0 3420
1794 1.0 3435 3863 5259 5329 11444 11540 13028 14298 16190 16952
1795 1.0 3439
1796 1.0 3446 5287 6771 7310 10704 15579
1797 1.0 3461
1798 1.0 3471 5103
1799 1.0 3476
1800 1.0 3477
1801 1.0 3502
1802 1.0 3523
1803 1.0 3524 7800 8789
1804 1.0 3533
1805 1.0 3535
1806 1.0 3549 6822 11852 12658
1807 1.0 3554
1808 1.0 3556 7538
1809 1.0 3575
1810 1.0 3576
1811 1.0 3617
1812 1.0 3623
1813 1.0 3625
1814 1.0 3633 8523
1815 1.0 3643
1816 1.0 3646
1817 1.0 3663 7219
1818 1.0 3665 4099 12450
1819 1.0 3667
1820 1.0 3671 5676
1821 1.0 3685
1822 1.0 3702
1823 1.0 3708
1824 1.0 3714
1825 1.0 3718 4193
1826 1.0 3734 8097
1827 1.0 3746 6252 12036
1828 1.0 3757
1829 1.0 3775 14296
1830 1.0 3785 10831 12630 17098
1831 1.0 3789 6823
1832 1.0 3800
1833 1.0 3809 7614 14578 15151 15320
1834 1.0 3844 11508
1835 1.0 3864
1836 1.0 3882
1837 1.0 3899
1838 1.0 3901
1839 1.0 3905
1840 1.0 3906 17214
1841 1.0 3909
1842 1.0 3924
1843 1.0 3967
1844 1.0 3971
1845 1.0 3974
1846 1.0 3990 6671 7782
1847 1.0 3993 16508
1848 1.0 3995
1849 1.0 3997
1850 1.0 4004
1851 1.0 4021
1852 1.0 4042 5168
1853 1.0 4057 12919
1854 1.0 4072 11391 15012 15093
1855 1.0 4078 4590 7872 9700 12009
1856 1.0 4080
1857 1.0 4081
1858 1.0 4089
1859 1.0 4094 13047 16944
1860 1.0 4104
1861 1.0 4135 4988 10370
1862 1.0 4146
1863 1.0 4164
1864 1.0 4171
1865 1.0 4188
1866 1.0 4237
1867 1.0 4243
1868 1.0 4251 11373
1869 1.0 4268
1870 1.0 4269 7257 9694 14446 16002
1871 1.0 4301
1872 1.0 4315
1873 1.0 4330 6863
1874 1.0 4335
1875 1.0 4340
1876 1.0 4348
1877 1.0 4358 13955
1878 1.0 4366 12295 17163
1879 1.0 4370
1880 1.0 4373
1881 1.0 4390 16299
1882 1.0 4392 14460
1883 1.0 4395 14849
1884 1.0 4399
1885 1.0 4463 5401
1886 1.0 4467
1887 1.0 4473
1888 1.0 4496
1889 1.0 4526
1890 1.0 4528 5432 7674 12893 13500
1891 1.0 4529 13171 14838
1892 1.0 4545
1893 1.0 4547
1894 1.0 4579
1895 1.0 4586
1896 1.0 4605 9288 11784 11900 11920 12093
1897 1.0 4606 7639
1898 1.0 4622
1899 1.0 4631
1900 1.0 4632
1901 1.0 4637
1902 1.0 4644
1903 1.0 4645
1904 1.0 4647 10722 14410
1905 1.0 4650
1906 1.0 4656
1907 1.0 4659
1908 1.0 4681
1909 1.0 4695
1910 1.0 4698 7634 7687 9725 17096
1911 1.0 4706
1912 1.0 4722
1913 1.0 4786
1914 1.0 4800 16890
1915 1.0 4818 15208
1916 1.0 4820
1917 1.0 4842
1918 1.0 4843
1919 1.0 4856
1920 1.0 4857
1921 1.0 4872 5321 8678
1922 1.0 4896
1923 1.0 4897
1924 1.0 4908
1925 1.0 4932 14728 15342
1926 1.0 4942
1927 1.0 4963
1928 1.0 4965
1929 1.0 4981 11058
1930 1.0 5024 15564
1931 1.0 5047
1932 1.0 5071
1933 1.0 5091
1934 1.0 5108 5576 9018 9594 14959 15756
1935 1.0 5138 7623 8808
1936 1.0 5146
1937 1.0 5174 12453
1938 1.0 5175 8771
1939 1.0 5177 8178 13620
1940 1.0 5220
1941 1.0 5228
1942 1.0 5247
1943 1.0 5252
1944 1.0 5253 7270 12606
1945 1.0 5255
1946 1.0 5257 12278 16711 17358
1947 1.0 5267
1948 1.0 5273 8114
1949 1.0 5292 10536 12982
1950 1.0 5299 6269
1951 1.0 5303
1952 1.0 5311
1953 1.0 5324 8784 12712
1954 1.0 5344
1955 1.0 5386
1956 1.0 5426
1957 1.0 5435
1958 1.0 5456
1959 1.0 5469 6759 12138
1960 1.0 5472
1961 1.0 5490
1962 1.0 5491 14976
1963 1.0 5495
1964 1.0 5503 12842
1965 1.0 5547
1966 1.0 5558
1967 1.0 5567
1968 1.0 5579 13069
1969 1.0 5590
1970 1.0 5604
1971 1.0 5616
1972 1.0 5619 6293
1973 1.0 5620
1974 1.0 5624
1975 1.0 5633
1976 1.0 5646
1977 1.0 5648
1978 1.0 5650 15921
1979 1.0 5654
1980 1.0 5659
1981 1.0 5668
1982 1.0 5674 8821
1983 1.0 5695 12803 15466 15716
1984 1.0 5709 8724 15121
1985 1.0 5733 6597 15271 15512
1986 1.0 5749
1987 1.0 5754
1988 1.0 5757
1989 1.0 5765
1990 1.0 5769 12043
1991 1.0 5777
1992 1.0 5784 17279
1993 1.0 5787
1994 1.0 5789
1995 1.0 5791
1996 1.0 5795
1997 1.0 5799
1998 1.0 5802 12973
1999 1.0 5843
2000 1.0 5848
2001 1.0 5871
2002 1.0 5886
2003 1.0 5887
2004 1.0 5892
2005 1.0 5896 15067
2006 1.0 5902
2007 1.0 5923 6065 6111 6258 7547 9161 9172 10508 14764 16425
2008 1.0 5931
2009 1.0 5949
2010 1.0 5955
2011 1.0 5959
2012 1.0 5961
2013 1.0 5975
2014 1.0 5984 11367 16723
2015 1.0 6004 8045
2016 1.0 6037
2017 1.0 6038 13672
2018 1.0 6043
2019 1.0 6059
2020 1.0 6067
2021 1.0 6093
2022 1.0 6099
2023 1.0 6115
2024 1.0 6125 8448
2025 1.0 6150
2026 1.0 6161 12470 13286 13865
2027 1.0 6206
2028 1.0 6223 11993
2029 1.0 6224 11834 14777
2030 1.0 6242
2031 1.0 6260 12623
2032 1.0 6298
2033 1.0 6302
2034 1.0 6305
2035 1.0 6317
2036 1.0 6319 12632
2037 1.0 6323
2038 1.0 6330
2039 1.0 6343 11258 12915 15594
2040 1.0 6373
2041 1.0 6374
2042 1.0 6379
2043 1.0 6380
2044 1.0 6387 6506
2045 1.0 6389
2046 1.0 6435
2047 1.0 6470
2048 1.0 6479
2049 1.0 6480
2050 1.0 6491 6708 16290
2051 1.0 6494
2052 1.0 6522
2053 1.0 6524 6806
2054 1.0 6530
2055 1.0 6545
2056 1.0 6562
2057 1.0 6563 17226
2058 1.0 6567
2059 1.0 6570
2060 1.0 6592
2061 1.0 6594
2062 1.0 6646
2063 1.0 6653
2064 1.0 6654
2065 1.0 6688
2066 1.0 6715
2067 1.0 6745
2068 1.0 6761
2069 1.0 6768
2070 1.0 6777
2071 1.0 6778
2072 1.0 6782
2073 1.0 6787
2074 1.0 6795
2075 1.0 6840
2076 1.0 6860
2077 1.0 6861 14284
2078 1.0 6865
2079 1.0 6894
2080 1.0 6902
2081 1.0 6916
2082 1.0 6918 7579 12861
2083 1.0 6935
2084 1.0 6941
2085 1.0 6962
2086 1.0 6978
2087 1.0 6979
2088 1.0 6988
2089 1.0 6994 7069
2090 1.0 7005 14278
2091 1.0 7025
2092 1.0 7049
2093 1.0 7076
2094 1.0 7078
2095 1.0 7090 13782 15496
2096 1.0 7102
2097 1.0 7103
2098 1.0 7137
2099 1.0 7148
2100 1.0 7164
2101 1.0 7208
2102 1.0 7214 7997 11217 17172
2103 1.0 7218
2104 1.0 7239 11024 17394
2105 1.0 7273 17001
2106 1.0 7274
2107 1.0 7307 9949 11215
2108 1.0 7327
2109 1.0 7331
2110 1.0 7350
2111 1.0 7356
2112 1.0 7371
2113 1.0 7375
2114 1.0 7376
2115 1.0 7390 13634
2116 1.0 7391 8698 13423 14215
2117 1.0 7395 11340
2118 1.0 7417 12538
2119 1.0 7420
2120 1.0 7421 13577 14904
2121 1.0 7453
2122 1.0 7472 11320
2123 1.0 7487
2124 1.0 7508 14713
2125 1.0 7519
2126 1.0 7534 10684
2127 1.0 7539 8439
2128 1.0 7540 11673
2129 1.0 7570
2130 1.0 7584 11833
2131 1.0 7606
2132 1.0 7608
2133 1.0 7611
2134 1.0 7615
2135 1.0 7658
2136 1.0 7661
2137 1.0 7673 10637
2138 1.0 7676
2139 1.0 7686
2140 1.0 7690
2141 1.0 7692
2142 1.0 7711
2143 1.0 7721
2144 1.0 7731
2145 1.0 7747
2146 1.0 7751
2147 1.0 7763
2148 1.0 7772
2149 1.0 7795
2150 1.0 7802
2151 1.0 7818
2152 1.0 7844
2153 1.0 7871
2154 1.0 7882
2155 1.0 7890
2156 1.0 7892 14553
2157 1.0 7904 9562
2158 1.0 7926
2159 1.0 7937
2160 1.0 7938
2161 1.0 7942
2162 1.0 7970
2163 1.0 7981
2164 1.0 7989 11607
2165 1.0 7992
2166 1.0 8001
2167 1.0 8011
2168 1.0 8027
2169 1.0 8033 14765
2170 1.0 8058
2171 1.0 8065
2172 1.0 8072
2173 1.0 8086
2174 1.0 8098 11798
2175 1.0 8103
2176 1.0 8113
2177 1.0 8124
2178 1.0 8169
2179 1.0 8170
2180 1.0 8171 16867 17328
2181 1.0 8173
2182 1.0 8180
2183 1.0 8199
2184 1.0 8219
2185 1.0 8228
2186 1.0 8234
2187 1.0 8236
2188 1.0 8248 12546
2189 1.0 8250
2190 1.0 8266
2191 1.0 8287
2192 1.0 8294
2193 1.0 8302
2194 1.0 8310
2195 1.0 8333
2196 1.0 8338
2197 1.0 8344
2198 1.0 8355
2199 1.0 8362
2200 1.0 8366
2201 1.0 8370
2202 1.0 8382 16181
2203 1.0 8383
2204 1.0 8449
2205 1.0 8452
2206 1.0 8470
2207 1.0 8472
2208 1.0 8485
2209 1.0 8491
2210 1.0 8513
2211 1.0 8517
2212 1.0 8522
2213 1.0 8540
2214 1.0 8556
2215 1.0 8573
2216 1.0 8606
2217 1.0 8618 12254
2218 1.0 8622
2219 1.0 8631
2220 1.0 8632
2221 1.0 8636
2222 1.0 8647 13644
2223 1.0 8661
2224 1.0 8664
2225 1.0 8672
2226 1.0 8677
2227 1.0 8695
2228 1.0 8709
2229 1.0 8726
2230 1.0 8731
2231 1.0 8746
2232 1.0 8773
2233 1.0 8775
2234 1.0 8796
2235 1.0 8834
2236 1.0 8844 9818 10970
2237 1.0 8852
2238 1.0 8885
2239 1.0 8897
2240 1.0 8902
2241 1.0 8907
2242 1.0 8913
2243 1.0 8924 12469 14916
2244 1.0 8929
2245 1.0 8935
2246 1.0 8945
2247 1.0 8947
2248 1.0 8949 13604 13704
2249 1.0 8964
2250 1.0 8981
2251 1.0 8985
2252 1.0 8990
2253 1.0 9005
2254 1.0 9015 14835
2255 1.0 9021
2256 1.0 9029
2257 1.0 9035
2258 1.0 9039
2259 1.0 9062
2260 1.0 9071
2261 1.0 9094 9417
2262 1.0 9103 14844
2263 1.0 9106
2264 1.0 9108
2265 1.0 9127
2266 1.0 9136 16091
2267 1.0 9142
2268 1.0 9145
2269 1.0 9146 14270
2270 1.0 9148
2271 1.0 9151 15484
2272 1.0 9168 15499
2273 1.0 9191
2274 1.0 9210
2275 1.0 9215
2276 1.0 9218
2277 1.0 9220
2278 1.0 9227 9944
2279 1.0 9229
2280 1.0 9249
2281 1.0 9258
2282 1.0 9294
2283 1.0 9305
2284 1.0 9324 16951
2285 1.0 9354
2286 1.0 9355
2287 1.0 9366
2288 1.0 9370
2289 1.0 9378
2290 1.0 9386
2291 1.0 9424
2292 1.0 9443
2293 1.0 9453
2294 1.0 9467 13794 15838
2295 1.0 9490
2296 1.0 9517 9676
2297 1.0 9538
2298 1.0 9549
2299 1.0 9553
2300 1.0 9561
2301 1.0 9565 17088
2302 1.0 9570 14202
2303 1.0 9574 10676 16569
2304 1.0 9581
2305 1.0 9592 9871
2306 1.0 9619
2307 1.0 9634
2308 1.0 9644
2309 1.0 9647
2310 1.0 9659
2311 1.0 9660
2312 1.0 9674
2313 1.0 9677
2314 1.0 9678
2315 1.0 9687
2316 1.0 9698
2317 1.0 9702
2318 1.0 9713
2319 1.0 9716
2320 1.0 9719
2321 1.0 9721
2322 1.0 9738
2323 1.0 9762
2324 1.0 9765
2325 1.0 9766
2326 1.0 9778
2327 1.0 9779 13621 16252
2328 1.0 9792
2329 1.0 9814 15965
2330 1.0 9822
2331 1.0 9829
2332 1.0 9851
2333 1.0 9852
2334 1.0 9883
2335 1.0 9884
2336 1.0 9892
2337 1.0 9926
2338 1.0 9927
2339 1.0 9929
2340 1.0 9935
2341 1.0 9941
2342 1.0 9974
2343 1.0 9997
2344 1.0 9998
2345 1.0 10002
2346 1.0 10013 13098 14280
2347 1.0 10035
2348 1.0 10036
2349 1.0 10038
2350 1.0 10127
2351 1.0 10134
2352 1.0 10141
2353 1.0 10147
2354 1.0 10182
2355 1.0 10185
2356 1.0 10212 11908
2357 1.0 10214
2358 1.0 10220
2359 1.0 10231
2360 1.0 10233
2361 1.0 10257
2362 1.0 10262
2363 1.0 10277
2364 1.0 10298
2365 1.0 10308
2366 1.0 10321
2367 1.0 10324
2368 1.0 10330
2369 1.0 10372
2370 1.0 10382
2371 1.0 10390
2372 1.0 10397
2373 1.0 10406
2374 1.0 10412
2375 1.0 10430
2376 1.0 10444
2377 1.0 10460
2378 1.0 10464
2379 1.0 10467
2380 1.0 10470
2381 1.0 10480
2382 1.0 10497
2383 1.0 10499
2384 1.0 10527
2385 1.0 10541
2386 1.0 10545 14266
2387 1.0 10630
2388 1.0 10638
2389 1.0 10672
2390 1.0 10692
2391 1.0 10693
2392 1.0 10715
2393 1.0 10729
2394 1.0 10732
2395 1.0 10742
2396 1.0 10748
2397 1.0 10754 14387
2398 1.0 10755
2399 1.0 10762
2400 1.0 10771
2401 1.0 10773
2402 1.0 10776
2403 1.0 10783
2404 1.0 10802
2405 1.0 10803
2406 1.0 10815 15711 16298
2407 1.0 10823
2408 1.0 10827
2409 1.0 10830
2410 1.0 10856
2411 1.0 10867
2412 1.0 10874
2413 1.0 10899
2414 1.0 10917
2415 1.0 10924 16886
2416 1.0 10965
2417 1.0 10966
2418 1.0 10977
2419 1.0 11023
2420 1.0 11029
2421 1.0 11033
2422 1.0 11034
2423 1.0 11049
2424 1.0 11055
2425 1.0 11060 12698 15903
2426 1.0 11064
2427 1.0 11079
2428 1.0 11090 15287
2429 1.0 11097
2430 1.0 11117
2431 1.0 11128
2432 1.0 11154
2433 1.0 11163 13909
2434 1.0 11180
2435 1.0 11189
2436 1.0 11198
2437 1.0 11210 16354 17003
2438 1.0 11214
2439 1.0 11218
2440 1.0 11225
2441 1.0 11226
2442 1.0 11247
2443 1.0 11272
2444 1.0 11279
2445 1.0 11285
2446 1.0 11288 16630
2447 1.0 11302
2448 1.0 11311
2449 1.0 11350
2450 1.0 11374
2451 1.0 11390
2452 1.0 11392
2453 1.0 11406
2454 1.0 11409
2455 1.0 11413
2456 1.0 11437
2457 1.0 11450
2458 1.0 11474
2459 1.0 11505
2460 1.0 11524
2461 1.0 11535
2462 1.0 11559 12396
2463 1.0 11566
2464 1.0 11569
2465 1.0 11572
2466 1.0 11587
2467 1.0 11592
2468 1.0 11598
2469 1.0 11611
2470 1.0 11619
2471 1.0 11665
2472 1.0 11686
2473 1.0 11708
2474 1.0 11710
2475 1.0 11729
2476 1.0 11734
2477 1.0 11739
2478 1.0 11740 12994
2479 1.0 11766
2480 1.0 11776
2481 1.0 11782 15374
2482 1.0 11792
2483 1.0 11806
2484 1.0 11807
2485 1.0 11812
2486 1.0 11813
2487 1.0 11827
2488 1.0 11855
2489 1.0 11885
2490 1.0 11891
2491 1.0 11930
2492 1.0 11942
2493 1.0 11944
2494 1.0 11955
2495 1.0 11969
2496 1.0 11972 15749 16286
2497 1.0 11974
2498 1.0 11983
2499 1.0 12038
2500 1.0 12071
2501 1.0 12075 14941
2502 1.0 12079 12502
2503 1.0 12085 15409
2504 1.0 12092
2505 1.0 12100
2506 1.0 12130
2507 1.0 12182
2508 1.0 12189
2509 1.0 12196
2510 1.0 12207
2511 1.0 12235
2512 1.0 12244
2513 1.0 12246
2514 1.0 12259
2515 1.0 12260
2516 1.0 12265
2517 1.0 12274
2518 1.0 12283
2519 1.0 12294 13240
2520 1.0 12311
2521 1.0 12329
2522 1.0 12363
2523 1.0 12365
2524 1.0 12388
2525 1.0 12427
2526 1.0 12432
2527 1.0 12433
2528 1.0 12479
2529 1.0 12483
2530 1.0 12489
2531 1.0 12517
2532 1.0 12523
2533 1.0 12544
2534 1.0 12566
2535 1.0 12577
2536 1.0 12604 16850 16891
2537 1.0 12636
2538 1.0 12654
2539 1.0 12656
2540 1.0 12662
2541 1.0 12665
2542 1.0 12667
2543 1.0 12673
2544 1.0 12677
2545 1.0 12683
2546 1.0 12691
2547 1.0 12694
2548 1.0 12702 15962
2549 1.0 12708
2550 1.0 12720
2551 1.0 12724
2552 1.0 12732
2553 1.0 12733
2554 1.0 12776
2555 1.0 12865
2556 1.0 12885
2557 1.0 12900
2558 1.0 12947
2559 1.0 12956
2560 1.0 12966
2561 1.0 12968
2562 1.0 13014
2563 1.0 13025
2564 1.0 13055
2565 1.0 13071
2566 1.0 13072
2567 1.0 13090
2568 1.0 13130
2569 1.0 13137
2570 1.0 13145
2571 1.0 13156 15418
2572 1.0 13189
2573 1.0 13198
2574 1.0 13221
2575 1.0 13258
2576 1.0 13299
2577 1.0 13322 17145
2578 1.0 13325
2579 1.0 13368
2580 1.0 13374
2581 1.0 13375
2582 1.0 13379 15607
2583 1.0 13384
2584 1.0 13389
2585 1.0 13408
2586 1.0 13410 14491
2587 1.0 13415
2588 1.0 13424
2589 1.0 13437
2590 1.0 13468
2591 1.0 13488
2592 1.0 13524
2593 1.0 13536
2594 1.0 13571
2595 1.0 13580
2596 1.0 13582
2597 1.0 13586
2598 1.0 13590
2599 1.0 13594
2600 1.0 13596
2601 1.0 13601
2602 1.0 13602
2603 1.0 13617
2604 1.0 13618
2605 1.0 13637
2606 1.0 13647
2607 1.0 13649
2608 1.0 13761
2609 1.0 13771 14486
2610 1.0 13780
2611 1.0 13784
2612 1.0 13800
2613 1.0 13811
2614 1.0 13816 14655
2615 1.0 13819 14880
2616 1.0 13843
2617 1.0 13867
2618 1.0 13946
2619 1.0 13971
2620 1.0 13973
2621 1.0 13976
2622 1.0 14012 15237
2623 1.0 14055
2624 1.0 14056
2625 1.0 14059 14549
2626 1.0 14084
2627 1.0 14085
2628 1.0 14095
2629 1.0 14117
2630 1.0 14126
2631 1.0 14145
2632 1.0 14146
2633 1.0 14149
2634 1.0 14195
2635 1.0 14212
2636 1.0 14218
2637 1.0 14224
2638 1.0 14231
2639 1.0 14239
2640 1.0 14244
2641 1.0 14264 16044
2642 1.0 14272
2643 1.0 14275
2644 1.0 14294
2645 1.0 14297 14696 16086 16313 16415
2646 1.0 14309
2647 1.0 14311
2648 1.0 14312
2649 1.0 14322
2650 1.0 14362
2651 1.0 14364
2652 1.0 14365
2653 1.0 14367
2654 1.0 14373 17227
2655 1.0 14376
2656 1.0 14435
2657 1.0 14449
2658 1.0 14462
2659 1.0 14476
2660 1.0 14506
2661 1.0 14511
2662 1.0 14526
2663 1.0 14531
2664 1.0 14565
2665 1.0 14593
2666 1.0 14594
2667 1.0 14626
2668 1.0 14645
2669 1.0 14672
2670 1.0 14722
2671 1.0 14726
2672 1.0 14732
2673 1.0 14738
2674 1.0 14744
2675 1.0 14795
2676 1.0 14796
2677 1.0 14797
2678 1.0 14823
2679 1.0 14833
2680 1.0 14843
2681 1.0 14846
2682 1.0 14848
2683 1.0 14896
2684 1.0 14915
2685 1.0 14939
2686 1.0 14947
2687 1.0 14975
2688 1.0 14977
2689 1.0 14988
2690 1.0 14991
2691 1.0 15010
2692 1.0 15011 15659
2693 1.0 15013
2694 1.0 15023 17006
2695 1.0 15036
2696 1.0 15044
2697 1.0 15052
2698 1.0 15054
2699 1.0 15117
2700 1.0 15149
2701 1.0 15153
2702 1.0 15201
2703 1.0 15204
2704 1.0 15205
2705 1.0 15216
2706 1.0 15230
2707 1.0 15249
2708 1.0 15252
2709 1.0 15309
2710 1.0 15315
2711 1.0 15316 16646
2712 1.0 15318
2713 1.0 15321
2714 1.0 15326
2715 1.0 15335
2716 1.0 15362
2717 1.0 15399
2718 1.0 15405
2719 1.0 15414
2720 1.0 15420
2721 1.0 15422
2722 1.0 15431
2723 1.0 15432 16043
2724 1.0 15446
2725 1.0 15453
2726 1.0 15458
2727 1.0 15464
2728 1.0 15497
2729 1.0 15532
2730 1.0 15559
2731 1.0 15561
2732 1.0 15566
2733 1.0 15568 16317
2734 1.0 15588
2735 1.0 15628
2736 1.0 15664
2737 1.0 15684
2738 1.0 15693
2739 1.0 15713
2740 1.0 15733
2741 1.0 15742
2742 1.0 15745
2743 1.0 15747
2744 1.0 15766
2745 1.0 15772
2746 1.0 15783
2747 1.0 15787
2748 1.0 15807
2749 1.0 15823
2750 1.0 15836
2751 1.0 15861
2752 1.0 15874
2753 1.0 15882
2754 1.0 15889
2755 1.0 15890
2756 1.0 15891
2757 1.0 15892
2758 1.0 15907
2759 1.0 15924
2760 1.0 15937
2761 1.0 15939
2762 1.0 16014
2763 1.0 16036
2764 1.0 16040
2765 1.0 16088
2766 1.0 16089
2767 1.0 16094
2768 1.0 16098
2769 1.0 16108
2770 1.0 16113
2771 1.0 16135
2772 1.0 16146
2773 1.0 16164
2774 1.0 16183
2775 1.0 16185
2776 1.0 16206
2777 1.0 16210
2778 1.0 16244
2779 1.0 16251
2780 1.0 16282
2781 1.0 16284
2782 1.0 16323
2783 1.0 16325
2784 1.0 16358
2785 1.0 16362
2786 1.0 16386
2787 1.0 16434 16845
2788 1.0 16442
2789 1.0 16448
2790 1.0 16465
2791 1.0 16506
2792 1.0 16514
2793 1.0 16548
2794 1.0 16552
2795 1.0 16560
2796 1.0 16567
2797 1.0 16577
2798 1.0 16581
2799 1.0 16620
2800 1.0 16648
2801 1.0 16654
2802 1.0 16657
2803 1.0 16676
2804 1.0 16687
2805 1.0 16700
2806 1.0 16704
2807 1.0 16731
2808 1.0 16756
2809 1.0 16761
2810 1.0 16788
2811 1.0 16795
2812 1.0 16796
2813 1.0 16799
2814 1.0 16834
2815 1.0 16840
2816 1.0 16848
2817 1.0 16870
2818 1.0 16871
2819 1.0 16884
2820 1.0 16906
2821 1.0 16955
2822 1.0 16958
2823 1.0 16996
2824 1.0 17012
2825 1.0 17031
2826 1.0 17059
2827 1.0 17063
2828 1.0 17090
2829 1.0 17101
2830 1.0 17119
2831 1.0 17140
2832 1.0 17147
2833 1.0 17183
2834 1.0 17210
2835 1.0 17212
2836 1.0 17235
2837 1.0 17248
2838 1.0 17278
2839 1.0 17280
2840 1.0 17300
2841 1.0 17309
2842 1.0 17317
2843 1.0 17322
2844 1.0 17327
2845 1.0 17332
2846 1.0 17342
2847 1.0 17352
2848 1.0 17365
2849 1.0 23 231 244 415 538 604 644 955 959 1451 1482 1640 1751 2107 2173 2239 2602 2775 3163 3379 3515 3751 3767 3965 3978 4095 4202 4310 4334 4614 4652 4731 4892 4914 4929 5448 5515 5687 6538 6837 6983 7033 7227 7246 7378 7438 7468 7641 7682 7814 7962 8050 8061 8153 8204 9205 9206 9418 9589 10195 10290 10419 10537 10902 10982 11115 11171 11337 11346 11654 11910 12006 12047 12420 12497 12499 12725 13192 13281 13764 14357 14536 14816 14865 15567 15613 15764 15815 16205 16240 16315 16337 16535 16699 16755 16860 16981 17123 17333
2850 1.0 1569 3134
2851 1.0 2921 14306
2852 1.0 12098
2853 1.0 13829
2854 1.0 14043
2855 1.0 16420
2856 1.0 1 3077 3127 4071 5392 7596 10098 10612 14390 15600
2857 1.0 7 1722 12857 13887
2858 1.0 16 12999
2859 1.0 19 721 918 12764 13450
2860 1.0 22 6469 16913
2861 1.0 27
2862 1.0 29
2863 1.0 33 49 169 1227 1445 1510 1694 2232 3240 3531 3540 3940 4493 4957 5566 5611 5670 6436 6550 6779 7267 8129 9269 9984 11577 12417 12851 12992 13157 13401 13523 13866 14166 14228 14710 14894 14922 15110 15194 15348 15395 15741 16782 16810
2864 1.0 36 370 1557 2127 2677 10898 13744
2865 1.0 37
2866 1.0 44 217 1898 2460 3359 4875 5095 6275 7497 7702 8628 9456 10042 10307 12676 13164 14211 14295 15310 16987
2867 1.0 48
2868 1.0 55 662 785 912 1857 1975 2036 2186 2246 2463 2499 2648 2837 2956 3084 3121 3179 3244 3513 4179 4669 5365 5556 5621 5652 6546 6549 7604 7677 8007 8154 8168 8413 8975 9925 10117 11282 11481 11897 12168 12349 12568 13065 13161 13224 13273 13332 13633 13727 13758 14251 14437 14598 14748 14800 14805 14982 15017 15215 16016 16064 16072 16295 16360 16379 16720 16725 17149 17335 17362
2869 1.0 56 514 609 1781 1888 4770 7533 7624 8953 11257 13986
2870 1.0 62
2871 1.0 63
2872 1.0 71 6728
2873 1.0 78 309 394 2236 2327 2355 3049 3261 3565 3712 4160 4286 4672 4742 5627 5876 5924 6169 6478 6831 7125 8307 8487 8826 8906 9475 9564 9690 9767 9866 10103 11113 11263 12177 12823 12949 12971 13017 13378 13482 13505 13766 14062 14944 15040 15358 16391 16970 17305
2874 1.0 91
2875 1.0 109
2876 1.0 114 2781 12094 14103
2877 1.0 115
2878 1.0 118 2016 2695 4691 6509 6569 10706 13662 16424
2879 1.0 122
2880 1.0 127
2881 1.0 131 1063 2380 9692 14515
2882 1.0 132 3467 4414 4572 4845 8031 9940 13688 14292 14972 15182 15593 16009 17068
2883 1.0 134
2884 1.0 138 1467
2885 1.0 145 212 597 744 950 1917 1947 3343 3717 4409 4485 4715 4754 4776 4821 5322 5677 6736 6990 7241 7753 7823 7973 8280 8314 9147 9685 10350 10808 11172 11605 12273 12357 12375 12448 12637 13021 13593 15074 15183 16601 16604 17169
2886 1.0 146 561 1618 3550 4025 4603 5170 5730 7535 8227 8242 8312 8525 8886 10778 11006 11161 11677 11791 13673 13750 14017 14370 15269 15995 16222
2887 1.0 154 4407 10926
2888 1.0 155 10918 16988
2889 1.0 159 510 1321 3087 4757 16046
2890 1.0 161
2891 1.0 171
2892 1.0 173 264 2212 2392 3081 4604 4738 5952 7550 8345 15633 15867 17094 17307
2893 1.0 181 13324
2894 1.0 184
2895 1.0 186
2896 1.0 190
2897 1.0 199 213 618 906 917 1102 1406 1418 2407 2542 2906 2973 3025 3539 3654 3776 3911 4175 4383 4385 4638 4748 4766 4838 4895 5035 5086 5320 5437 5833 6076 6102 6329 6520 6748 6878 7449 8332 8942 9055 9387 10007 10107 10166 11077 11086 11179 11362 11520 11536 11627 11662 11733 11957 12054 12164 12540 13165 13985 14505 15550 15573 15663 15918 16395 17395
2898 1.0 200
2899 1.0 205 1034 3606 4713 5382 8111 14210 14335 16786 17390
2900 1.0 209
2901 1.0 235
2902 1.0 240 2911 3630 8292 11883 12011 12303 13143 13648 14226
2903 1.0 247
2904 1.0 254 9253
2905 1.0 259 262 1993 2214 2255 2275 5589 7939 9483 9969 10063 10861 10971 12282 12286 12765 14375 14683 15605
2906 1.0 270 853 2614 4010 7613 8928 11631 11720 12428 15413
2907 1.0 271
2908 1.0 275 7896 17060
2909 1.0 278 6974
2910 1.0 279 816 1014 1114 1171 1267 1535 1824 2215 2250 2961 2968 2971 3140 3375 4326 4376 4575 5314 5459 5672 5776 6514 7915 8164 8384 8432 8749 9111 9164 9448 9761 10174 10208 10914 11548 11641 11762 13039 13300 13730 14083 15612 16241
2911 1.0 286
2912 1.0 292 2982 15419
2913 1.0 298 706 12542
2914 1.0 310 4771
2915 1.0 314 13428
2916 1.0 316 1998 5433 6606 7959 11220 11415 12250 17129
2917 1.0 317 11845
2918 1.0 330
2919 1.0 352 10941
2920 1.0 357
2921 1.0 360
2922 1.0 374 13498
2923 1.0 375
2924 1.0 378 585 1497 4515 6742 12384
2925 1.0 379
2926 1.0 380 4133 10696 10891 11549 16878
2927 1.0 389 2329 3681 4840 8805 12336 12770 13981
2928 1.0 392
2929 1.0 401 2751 13743
2930 1.0 417 1965 5588
2931 1.0 418 4446 5455 5600 8247
2932 1.0 452
2933 1.0 457
2934 1.0 459 793 1382 2207 3032 3357 5030 5657 6730 8874 9576 9841 10010 10203 10521 12137 12285 15195 15601 16779 17383
2935 1.0 473
2936 1.0 476
2937 1.0 484 12978 16931 17089
2938 1.0 489 1184 2610 8483
2939 1.0 490
2940 1.0 501 8697
2941 1.0 506 556 985 1511 2420 2493 2724 3228 3417 4956 5310 5773 5928 6018 6492 6892 7127 7727 8873 9707 10143 11111 11138 11394 11430 11687 11799 11881 12272 12559 12835 13079 13511 14171 14230 14384 16277 16380
2942 1.0 511
2943 1.0 515 1681 1840 6372 9376 10788 14104
2944 1.0 524 11066 13006
2945 1.0 525 3517 4275 8798 13839
2946 1.0 537 6534
2947 1.0 545
2948 1.0 552
2949 1.0 554 1325 2007 2375 2548 2697 3039 3875 4396 6402 6537 7345 7849 7886 8185 8222 9420 9987 10171 10293 10734 11443 11458 11711 11718 12154 13467 13916 15286 15646 15912 16156 17103 17356
2950 1.0 557 2821 7335 13832
2951 1.0 560
2952 1.0 564 573 1505 2208 2612 4641 4778 4884 5656 6049 8417 8788 10677 10738 11072 12276 12490 12500 12883 13355 13902 15043 15055 15454 15791 16635
2953 1.0 568 16322
2954 1.0 569 11880
2955 1.0 590 7931
2956 1.0 603 3698 5718 11553 11844 12876 15306 15360
2957 1.0 619
2958 1.0 633
2959 1.0 635 3116 10635
2960 1.0 640 2133 3061 8104 15353
2961 1.0 645 3031 5443 7379 7968 9242 10735 12067 14068 14653 15553
2962 1.0 661
2963 1.0 666
2964 1.0 674 1596 5460 6553 7261 9096 11333 14563
2965 1.0 676
2966 1.0 698 1198 2552 5595 5711 6401 7722 7789 8965 10709 11623 11754 13045 14501 15373 16107 16371 16474 16835 16908 17385
2967 1.0 703 16172
2968 1.0 707
2969 1.0 716
2970 1.0 719 799 2613 5651 8182 9742 9960 14407 15197 15359
2971 1.0 738
2972 1.0 740
2973 1.0 741 8694 11472 12463 16997
2974 1.0 745 4484 7149 12743 13907
2975 1.0 757
2976 1.0 763 7250 17079
2977 1.0 766 3694 4013 4755 6288 6624 6705 11597 13645
2978 1.0 767 5979 17173
2979 1.0 774
2980 1.0 787
2981 1.0 797 1526 7586
2982 1.0 803 16841
2983 1.0 806 6085
2984 1.0 818 1144 7135
2985 1.0 819 1006 15884 17311
2986 1.0 840
2987 1.0 842 1700 7283 11541 11763 11869
2988 1.0 849 6122 8756
2989 1.0 868 13954
2990 1.0 876
2991 1.0 877
2992 1.0 878 2141 11265 14213
2993 1.0 888 5623 15699
2994 1.0 894 992 1478 2251 2622 2769 2787 3512 3621 3801 6146 7217 7233 7478 7709 8187 8430 9230 9695 9910 10034 10394 10518 10929 10975 11084 11316 12805 12867 13330 13388 13797 14281 14579 16117 16229 16300 16329
2995 1.0 895
2996 1.0 909 6793 15857
2997 1.0 935
2998 1.0 940
2999 1.0 951 2992 7960
3000 1.0 960 1628 2003 2900 4232 11376 14719 15662
3001 1.0 966 2896
3002 1.0 978 14522 16047
3003 1.0 995
3004 1.0 1000 13470
3005 1.0 1003
3006 1.0 1004 5094 9790 14503
3007 1.0 1008
3008 1.0 1010 1921 1929 4905 6973 12728
3009 1.0 1020
3010 1.0 1024 2639 8752 9412 9602 10104
3011 1.0 1042 4960 5031
3012 1.0 1043 1621 2880 5661 8016 8585 10509 11546 15389 15416
3013 1.0 1057 17107
3014 1.0 1059
3015 1.0 1068
3016 1.0 1071 10221
3017 1.0 1075
3018 1.0 1081 4113 14463
3019 1.0 1093 5147
3020 1.0 1094
3021 1.0 1098 16488
3022 1.0 1099
3023 1.0 1115 1884 3808 5391 11192 12383
3024 1.0 1124 6201
3025 1.0 1129
3026 1.0 1147
3027 1.0 1149 2658 2884 4441 4740 4954 6448 6764 7001 10765 10923 12788 15131 16042
3028 1.0 1154
3029 1.0 1158 5028
3030 1.0 1160
3031 1.0 1161 5474 7733
3032 1.0 1162
3033 1.0 1172
3034 1.0 1179
3035 1.0 1183 10232
3036 1.0 1201
3037 1.0 1204 7898 11307
3038 1.0 1207
3039 1.0 1208
3040 1.0 1212
3041 1.0 1223 3406
3042 1.0 1229 2590 6282 12716
3043 1.0 1230
3044 1.0 1257
3045 1.0 1260 4106 7609 11978 12091 13919 16920 16922
3046 1.0 1262
3047 1.0 1266 3705 17354
3048 1.0 1273 6913 12023 15307 15799 16077 17263
3049 1.0 1274
3050 1.0 1292 3855 4264 6812 7370 14633 16623 16672 17062
3051 1.0 1295 11703 11803 13081 15290
3052 1.0 1299 2515 2799 4768 5258 7397 8038 8260 8337 8569 8997 9425 9990 12747 14183 14227 14610 15846 16336
3053 1.0 1300 11420
3054 1.0 1309
3055 1.0 1311 9584
3056 1.0 1313 1930 4735 6178 8232 8904 9978 11078 11182 12390 12413 14354 14669 16220
3057 1.0 1317
3058 1.0 1327 4682 6212 6580 8207 11397 13147 14044 15049
3059 1.0 1344 10893
3060 1.0 1358 2564 3319 3597 6770 8747 11528 15954 16122 17396
3061 1.0 1362
3062 1.0 1363 1666 5234 6852
3063 1.0 1371
3064 1.0 1380
3065 1.0 1381 1843 2054 13430
3066 1.0 1395 2870 8108 16899
3067 1.0 1396 5009 11863
3068 1.0 1398
3069 1.0 1404 2836 3149 4978 7804 8359 8392 13457 14566 14709 15277 16191 16718
3070 1.0 1427 4527 11656
3071 1.0 1429
3072 1.0 1434 9710
3073 1.0 1456 5342
3074 1.0 1469 8958
3075 1.0 1473
3076 1.0 1477 16213
3077 1.0 1480
3078 1.0 1486
3079 1.0 1493
3080 1.0 1496 3968 4143 5998 6144 7452 7865 8910 12261 13625 15390 15696 16861
3081 1.0 1499
3082 1.0 1504
3083 1.0 1518
3084 1.0 1528 2601
3085 1.0 1529
3086 1.0 1564 2293 2818 7469 10744 11393 11849
3087 1.0 1565
3088 1.0 1571
3089 1.0 1573
3090 1.0 1579
3091 1.0 1583 6322 6618 8190 12825
3092 1.0 1584 1753 4608 5519 6026 13773 14852
3093 1.0 1601 3892 15792
3094 1.0 1611
3095 1.0 1613
3096 1.0 1623
3097 1.0 1634
3098 1.0 1638
3099 1.0 1653 16823
3100 1.0 1657 11991
3101 1.0 1660 11479
3102 1.0 1665
3103 1.0 1669 4582 7399 10947 12012 14666 14955
3104 1.0 1678 2777 5399 5463 16139
3105 1.0 1679 2813 8201 15114
3106 1.0 1693 5947 10887 14249
3107 1.0 1695 10255 10805 11492
3108 1.0 1701
3109 1.0 1724 9074 17241
3110 1.0 1728 5847 6301 6785 7462 7575 7803 10654 11523 12169 12972 13632 13859 14829 15598 16547 16778
3111 1.0 1730
3112 1.0 1741
3113 1.0 1745
3114 1.0 1750
3115 1.0 1767
3116 1.0 1775 12862 13345
3117 1.0 1785 7509 13274 13376
3118 1.0 1789
3119 1.0 1795 9917 12739 14480
3120 1.0 1796
3121 1.0 1798 13834
3122 1.0 1803 2616 2741 7903 8376 10305 13397 13535 17346
3123 1.0 1807 10828
3124 1.0 1815 6327 9308
3125 1.0 1816 3928 5402 9422 13465 17247
3126 1.0 1822
3127 1.0 1825 3169 3217 6072 7829 9434 10158 12896 13722 16713
3128 1.0 1844 14881
3129 1.0 1866 2419 13037 16619
3130 1.0 1867
3131 1.0 1901
3132 1.0 1904 5882
3133 1.0 1905 3211 15258
3134 1.0 1935
3135 1.0 1937
3136 1.0 1945
3137 1.0 1958
3138 1.0 1963 3234
3139 1.0 1967
3140 1.0 1969
3141 1.0 1970
3142 1.0 1983
3143 1.0 1988 2401 4890 9117 9528
3144 1.0 2015
3145 1.0 2019 14187
3146 1.0 2027
3147 1.0 2032 8977
3148 1.0 2033
3149 1.0 2043
3150 1.0 2045 4684 9044 14893
3151 1.0 2046
3152 1.0 2047
3153 1.0 2052 6109 12790
3154 1.0 2053
3155 1.0 2063 4117 7432
3156 1.0 2067 9216 17314
3157 1.0 2085 14242
3158 1.0 2110 6783 8604 11783 13119 16940
3159 1.0 2111
3160 1.0 2117 14225
3161 1.0 2121
3162 1.0 2125 9219
3163 1.0 2128 2673
3164 1.0 2130 3438 7290 7339 15833 17148
3165 1.0 2137
3166 1.0 2140
3167 1.0 2146 13163
3168 1.0 2148
3169 1.0 2150 4020
3170 1.0 2152
3171 1.0 2174 6873
3172 1.0 2195 5283 5313 9525
3173 1.0 2206 12348
3174 1.0 2218
3175 1.0 2220 7683 7765 11752 17282
3176 1.0 2227 2632
3177 1.0 2230
3178 1.0 2235 11543
3179 1.0 2252 3981 5774 7403 12421 13640 17290 17349
3180 1.0 2279 13643 15610
3181 1.0 2285 10658 14336 15825
3182 1.0 2288
3183 1.0 2289
3184 1.0 2294 13282 14798 16766
3185 1.0 2299
3186 1.0 2311
3187 1.0 2312 7889
3188 1.0 2315 12895
3189 1.0 2323
3190 1.0 2326 3660 16520
3191 1.0 2330
3192 1.0 2331
3193 1.0 2336
3194 1.0 2340 3616 4510 6220 6931 7531 7853 14708 15163 16147
3195 1.0 2344
3196 1.0 2351 15855
3197 1.0 2359
3198 1.0 2365 3931 6851 14839
3199 1.0 2367
3200 1.0 2377
3201 1.0 2378
3202 1.0 2391
3203 1.0 2394
3204 1.0 2396
3205 1.0 2403 4346
3206 1.0 2418
3207 1.0 2438
3208 1.0 2440 7152 11941 13710 17197
3209 1.0 2442
3210 1.0 2444 3528 4307 14518
3211 1.0 2447 3459 8317 13844 15888
3212 1.0 2452
3213 1.0 2456 10994
3214 1.0 2466 11099
3215 1.0 2481
3216 1.0 2484
3217 1.0 2498 3048 3867 4707 7424 8416 10725 11509 12423 16075
3218 1.0 2501 4049 5398 16261
3219 1.0 2504
3220 1.0 2509
3221 1.0 2516
3222 1.0 2519
3223 1.0 2520
3224 1.0 2523
3225 1.0 2524 11289 16025 17082
3226 1.0 2528 8813
3227 1.0 2529
3228 1.0 2538 4628 6034 6273 6672 8096 9947 10224 10552 10984 11126 11475
3229 1.0 2541 15793
3230 1.0 2555
3231 1.0 2556 9663 14206
3232 1.0 2566
3233 1.0 2596 2638 3609 5083 6981 8067 14607
3234 1.0 2606
3235 1.0 2624 7654 7781 9008 16215 16566 16838
3236 1.0 2636 3795 4413 5760 6519 6971 9189
3237 1.0 2650 12655
3238 1.0 2662 11772
3239 1.0 2670
3240 1.0 2680
3241 1.0 2682 5518 17150
3242 1.0 2683
3243 1.0 2691
3244 1.0 2693
3245 1.0 2708
3246 1.0 2715 4352 15140
3247 1.0 2728
3248 1.0 2729
3249 1.0 2732
3250 1.0 2743 14477 15660
3251 1.0 2753 8032 11463 12707 13201
3252 1.0 2754
3253 1.0 2755
3254 1.0 2760
3255 1.0 2774 5807
3256 1.0 2783 5972 7854 12409 14494
3257 1.0 2791 10297
3258 1.0 2804
3259 1.0 2811 3052 17368
3260 1.0 2826
3261 1.0 2846
3262 1.0 2847
3263 1.0 2855
3264 1.0 2866
3265 1.0 2881
3266 1.0 2890
3267 1.0 2898 4787
3268 1.0 2901
3269 1.0 2910
3270 1.0 2919 4751 10289 11418 13409
3271 1.0 2926 3355 11868
3272 1.0 2940 15530
3273 1.0 2947
3274 1.0 2960
3275 1.0 2977 13385
3276 1.0 2990
3277 1.0 3000 13950
3278 1.0 3006
3279 1.0 3022
3280 1.0 3030
3281 1.0 3037
3282 1.0 3050
3283 1.0 3056 10351
3284 1.0 3071 5132 10378 11929 12831 15563
3285 1.0 3072
3286 1.0 3093
3287 1.0 3097 4729
3288 1.0 3108
3289 1.0 3109 3494
3290 1.0 3118
3291 1.0 3126 12166
3292 1.0 3130 17022
3293 1.0 3141 4802 5925 8296 12737 12855
3294 1.0 3144
3295 1.0 3190
3296 1.0 3197
3297 1.0 3212 10691 10820 14516 16123
3298 1.0 3237
3299 1.0 3239
3300 1.0 3241 11573
3301 1.0 3251
3302 1.0 3265 10093
3303 1.0 3271 4686 10051 10276 11922 12738 16279
3304 1.0 3273
3305 1.0 3274 11274 13462 13876 17389
3306 1.0 3282
3307 1.0 3287
3308 1.0 3289
3309 1.0 3291 3886 5090 5722 12140 12688 14395 15143
3310 1.0 3297
3311 1.0 3299 3415 4470
3312 1.0 3300
3313 1.0 3303 9824
3314 1.0 3311
3315 1.0 3332
3316 1.0 3347 8063
3317 1.0 3350
3318 1.0 3356
3319 1.0 3360
3320 1.0 3367
3321 1.0 3384
3322 1.0 3387
3323 1.0 3407
3324 1.0 3409
3325 1.0 3410
3326 1.0 3411
3327 1.0 3412 9545
3328 1.0 3425
3329 1.0 3428
3330 1.0 3444
3331 1.0 3466 15525 16259
3332 1.0 3479 3822
3333 1.0 3485
3334 1.0 3486 16510
3335 1.0 3487
3336 1.0 3492 5002 5578 6110 9458 9672 14374 14957 15164 15949 16230
3337 1.0 3496 5087 9290 10910 13996
3338 1.0 3497 4475
3339 1.0 3503
3340 1.0 3530
3341 1.0 3538
3342 1.0 3544 7877 10727 10853 14065
3343 1.0 3557
3344 1.0 3559
3345 1.0 3566
3346 1.0 3569 16182
3347 1.0 3577
3348 1.0 3582 6638 7118 9286
3349 1.0 3583 15146
3350 1.0 3585
3351 1.0 3611
3352 1.0 3624
3353 1.0 3627
3354 1.0 3659 6082
3355 1.0 3684 4993
3356 1.0 3687
3357 1.0 3688 11949 14847
3358 1.0 3689 3841 3941 6164 7321 8914 16653 17181
3359 1.0 3692 15440
3360 1.0 3709
3361 1.0 3711 8375 9173 14163 15214
3362 1.0 3727
3363 1.0 3729
3364 1.0 3730 12341
3365 1.0 3738
3366 1.0 3750
3367 1.0 3756
3368 1.0 3774
3369 1.0 3780 10549 11839
3370 1.0 3783
3371 1.0 3805
3372 1.0 3806
3373 1.0 3807
3374 1.0 3810
3375 1.0 3816
3376 1.0 3819 12298 15704
3377 1.0 3820
3378 1.0 3827
3379 1.0 3829 13214
3380 1.0 3835 14851 17392
3381 1.0 3839
3382 1.0 3843 13787
3383 1.0 3845 5893 17198
3384 1.0 3848 10876
3385 1.0 3890
3386 1.0 3894 6967
3387 1.0 3897
3388 1.0 3898
3389 1.0 3902
3390 1.0 3936
3391 1.0 3938
3392 1.0 3944 17155
3393 1.0 3950
3394 1.0 3954
3395 1.0 3964
3396 1.0 3966
3397 1.0 3969 8786 12680
3398 1.0 3970 8200 15301
3399 1.0 3972
3400 1.0 3979 10880
3401 1.0 3982
3402 1.0 3999 8519
3403 1.0 4002
3404 1.0 4009 6558 7601 8734
3405 1.0 4026 4157 6684
3406 1.0 4035 11519
3407 1.0 4037
3408 1.0 4038
3409 1.0 4041
3410 1.0 4047
3411 1.0 4050
3412 1.0 4053
3413 1.0 4064 15724
3414 1.0 4073
3415 1.0 4082
3416 1.0 4090 10964 16436
3417 1.0 4092
3418 1.0 4093 10712
3419 1.0 4098
3420 1.0 4101 14232
3421 1.0 4108
3422 1.0 4124
3423 1.0 4126 9511
3424 1.0 4129
3425 1.0 4130
3426 1.0 4137 11465
3427 1.0 4142
3428 1.0 4159
3429 1.0 4167 7145
3430 1.0 4182
3431 1.0 4189
3432 1.0 4208 17265
3433 1.0 4209
3434 1.0 4212
3435 1.0 4219
3436 1.0 4221
3437 1.0 4231
3438 1.0 4253 9144
3439 1.0 4263 5427 7389
3440 1.0 4273
3441 1.0 4277
3442 1.0 4279
3443 1.0 4285 9618 12425
3444 1.0 4289
3445 1.0 4291
3446 1.0 4296
3447 1.0 4303 4747 9194 11229 12146 12155 12641 13453 14926 15873 16519
3448 1.0 4316
3449 1.0 4320
3450 1.0 4328
3451 1.0 4333
3452 1.0 4345
3453 1.0 4363 5436
3454 1.0 4364
3455 1.0 4388 8378 10595 14391 15264
3456 1.0 4408
3457 1.0 4430
3458 1.0 4434
3459 1.0 4439
3460 1.0 4455
3461 1.0 4460 6663 7037
3462 1.0 4491 5286 8799 10700 13234 17359
3463 1.0 4492 8039 15531
3464 1.0 4499 5115 8444 12491 13579 15786 17204
3465 1.0 4502
3466 1.0 4511 14507
3467 1.0 4516
3468 1.0 4521
3469 1.0 4524
3470 1.0 4538
3471 1.0 4546 9839 10074 16292
3472 1.0 4552
3473 1.0 4553
3474 1.0 4556 11222
3475 1.0 4584
3476 1.0 4585
3477 1.0 4596
3478 1.0 4616
3479 1.0 4618
3480 1.0 4624
3481 1.0 4626
3482 1.0 4636 6756 7526
3483 1.0 4639
3484 1.0 4654
3485 1.0 4662
3486 1.0 4667
3487 1.0 4675
3488 1.0 4676 4679 6095 6731 8130 8715 9112 12346 13960
3489 1.0 4680
3490 1.0 4687 12332 14680
3491 1.0 4704
3492 1.0 4711
3493 1.0 4723 12570 14385 16495 16923
3494 1.0 4733
3495 1.0 4741 5638 6561 9675 11110 11434 14420 17245
3496 1.0 4756
3497 1.0 4764 6691 9638 11081 15041
3498 1.0 4781
3499 1.0 4789
3500 1.0 4790
3501 1.0 4811
3502 1.0 4817 9820
3503 1.0 4822
3504 1.0 4823 5549 8716 13361
3505 1.0 4828
3506 1.0 4844
3507 1.0 4852 10996 14634 15451
3508 1.0 4861
3509 1.0 4867 14110
3510 1.0 4871 11971
3511 1.0 4874
3512 1.0 4876 5248
3513 1.0 4894 7783
3514 1.0 4900 16301
3515 1.0 4916
3516 1.0 4921
3517 1.0 4927
3518 1.0 4938
3519 1.0 4939
3520 1.0 4940
3521 1.0 4950 13608
3522 1.0 4951 5867 6504
3523 1.0 4984
3524 1.0 4992
3525 1.0 4997
3526 1.0 5006 11926 16873
3527 1.0 5014
3528 1.0 5017
3529 1.0 5019
3530 1.0 5022
3531 1.0 5039
3532 1.0 5042
3533 1.0 5054
3534 1.0 5058
3535 1.0 5066 6311
3536 1.0 5068
3537 1.0 5072 7847
3538 1.0 5088 5943
3539 1.0 5093
3540 1.0 5100
3541 1.0 5104
3542 1.0 5114
3543 1.0 5116
3544 1.0 5117
3545 1.0 5119
3546 1.0 5124 5557 15404
3547 1.0 5129
3548 1.0 5131
3549 1.0 5133 15022
3550 1.0 5139
3551 1.0 5143
3552 1.0 5149
3553 1.0 5176 7520
3554 1.0 5183 9051 12911
3555 1.0 5185 13463 14817
3556 1.0 5197
3557 1.0 5200
3558 1.0 5205
3559 1.0 5221 13265
3560 1.0 5222
3561 1.0 5223
3562 1.0 5232
3563 1.0 5245 15235
3564 1.0 5254 10667
3565 1.0 5279 16258 16472
3566 1.0 5281
3567 1.0 5304
3568 1.0 5317
3569 1.0 5341
3570 1.0 5349
3571 1.0 5351 6364
3572 1.0 5353
3573 1.0 5354
3574 1.0 5363 8744 9479 12424 12897 15084
3575 1.0 5380 15481
3576 1.0 5381
3577 1.0 5388
3578 1.0 5393 6590 13506 14111 14425
3579 1.0 5404 8710 15127
3580 1.0 5407
3581 1.0 5410
3582 1.0 5419 12252
3583 1.0 5420
3584 1.0 5440 16947
3585 1.0 5446
3586 1.0 5470 7177
3587 1.0 5476 11747
3588 1.0 5481
3589 1.0 5501
3590 1.0 5504
3591 1.0 5505 8561 16830
3592 1.0 5508 5808
3593 1.0 5510
3594 1.0 5525
3595 1.0 5531
3596 1.0 5533
3597 1.0 5537
3598 1.0 5538
3599 1.0 5574
3600 1.0 5613
3601 1.0 5618 15008
3602 1.0 5625
3603 1.0 5636 15698
3604 1.0 5642 5966 8838 16346
3605 1.0 5684
3606 1.0 5685 16749
3607 1.0 5686
3608 1.0 5688
3609 1.0 5702
3610 1.0 5706
3611 1.0 5728
3612 1.0 5756 9979 10213 15755 15881 16081
3613 1.0 5761 11010
3614 1.0 5763
3615 1.0 5767
3616 1.0 5772 11162
3617 1.0 5775
3618 1.0 5780
3619 1.0 5812 16800
3620 1.0 5820
3621 1.0 5828
3622 1.0 5837 10172 11797
3623 1.0 5839
3624 1.0 5850
3625 1.0 5858 11648
3626 1.0 5875
3627 1.0 5891 6686
3628 1.0 5901
3629 1.0 5912
3630 1.0 5921 8415 10130 10421 10463 12401 14730 14754 15240 17083
3631 1.0 5929 6959 9575
3632 1.0 5938
3633 1.0 5946
3634 1.0 5958
3635 1.0 5977
3636 1.0 6002
3637 1.0 6006 10417
3638 1.0 6007 6292
3639 1.0 6036
3640 1.0 6051
3641 1.0 6054
3642 1.0 6058
3643 1.0 6062 8546 11512 16980
3644 1.0 6078
3645 1.0 6079
3646 1.0 6081
3647 1.0 6083
3648 1.0 6101
3649 1.0 6104 8915 11731 13318 16550
3650 1.0 6116
3651 1.0 6118
3652 1.0 6130
3653 1.0 6139
3654 1.0 6149 6503 14144 15991 16421
3655 1.0 6155 7106
3656 1.0 6166
3657 1.0 6174 11146 12444 12977 13016
3658 1.0 6181 11131 14521 15468
3659 1.0 6183 6351 13218 16024
3660 1.0 6189
3661 1.0 6195
3662 1.0 6214
3663 1.0 6227 15498
3664 1.0 6251
3665 1.0 6259
3666 1.0 6261
3667 1.0 6262
3668 1.0 6264
3669 1.0 6284 10380
3670 1.0 6285 9243
3671 1.0 6313
3672 1.0 6321 6412
3673 1.0 6333
3674 1.0 6335 6697
3675 1.0 6336
3676 1.0 6338 11660 15777
3677 1.0 6342 6462 10071 11431 14547
3678 1.0 6369 10025
3679 1.0 6382
3680 1.0 6390
3681 1.0 6418
3682 1.0 6437 11169
3683 1.0 6447
3684 1.0 6465
3685 1.0 6474
3686 1.0 6483
3687 1.0 6533
3688 1.0 6541 6943
3689 1.0 6551
3690 1.0 6555
3691 1.0 6572 10825
3692 1.0 6579 11809
3693 1.0 6582 10526 14345 15595 17344
3694 1.0 6596
3695 1.0 6598
3696 1.0 6609
3697 1.0 6619
3698 1.0 6622
3699 1.0 6625
3700 1.0 6633
3701 1.0 6635
3702 1.0 6643
3703 1.0 6645
3704 1.0 6649 17192
3705 1.0 6656
3706 1.0 6662 12135
3707 1.0 6687 8498 16710
3708 1.0 6706
3709 1.0 6716
3710 1.0 6727 14706
3711 1.0 6743
3712 1.0 6752
3713 1.0 6774 6999
3714 1.0 6786
3715 1.0 6821
3716 1.0 6828
3717 1.0 6858
3718 1.0 6885 7309 7355 13091 13733 14619 15285
3719 1.0 6895
3720 1.0 6901
3721 1.0 6904
3722 1.0 6914
3723 1.0 6928
3724 1.0 6957
3725 1.0 6986
3726 1.0 7003
3727 1.0 7008
3728 1.0 7010
3729 1.0 7013
3730 1.0 7020 7821 11911
3731 1.0 7034 14600
3732 1.0 7039
3733 1.0 7040 7777
3734 1.0 7057 11477
3735 1.0 7059 15403 17162
3736 1.0 7063
3737 1.0 7095
3738 1.0 7101 7173 11690
3739 1.0 7126
3740 1.0 7129
3741 1.0 7134
3742 1.0 7153 9352 10504
3743 1.0 7195
3744 1.0 7198 14888 15655
3745 1.0 7201
3746 1.0 7225
3747 1.0 7248
3748 1.0 7251
3749 1.0 7280
3750 1.0 7313 7434
3751 1.0 7314
3752 1.0 7315
3753 1.0 7324
3754 1.0 7332 8479 11744 12624
3755 1.0 7347 11793 15031
3756 1.0 7348 9010
3757 1.0 7354
3758 1.0 7364
3759 1.0 7368
3760 1.0 7373
3761 1.0 7398
3762 1.0 7441 10848
3763 1.0 7442
3764 1.0 7444 12309
3765 1.0 7474
3766 1.0 7482
3767 1.0 7488 8739 14471
3768 1.0 7495 10532
3769 1.0 7512 8514
3770 1.0 7521
3771 1.0 7545
3772 1.0 7551
3773 1.0 7553
3774 1.0 7564 9734 12485
3775 1.0 7568
3776 1.0 7571
3777 1.0 7573 13576
3778 1.0 7577
3779 1.0 7578
3780 1.0 7581
3781 1.0 7591 7775
3782 1.0 7616
3783 1.0 7626
3784 1.0 7627 15681
3785 1.0 7635
3786 1.0 7648
3787 1.0 7652 14723
3788 1.0 7668
3789 1.0 7669
3790 1.0 7693
3791 1.0 7699 13815
3792 1.0 7703
3793 1.0 7708
3794 1.0 7710
3795 1.0 7754
3796 1.0 7773
3797 1.0 7788
3798 1.0 7794
3799 1.0 7796
3800 1.0 7807 9714
3801 1.0 7819 15480
3802 1.0 7825 14689
3803 1.0 7831 11177
3804 1.0 7833
3805 1.0 7836 11142
3806 1.0 7838
3807 1.0 7863
3808 1.0 7867 11560
3809 1.0 7874
3810 1.0 7875 9988 16864
3811 1.0 7891
3812 1.0 7902
3813 1.0 7914 15148
3814 1.0 7919
3815 1.0 7924
3816 1.0 7932
3817 1.0 7936
3818 1.0 7943
3819 1.0 7967
3820 1.0 7969
3821 1.0 7972
3822 1.0 7974
3823 1.0 7979
3824 1.0 7984 9075
3825 1.0 7993
3826 1.0 8022
3827 1.0 8024
3828 1.0 8053
3829 1.0 8057 11203
3830 1.0 8076
3831 1.0 8083 9178 10501 11004
3832 1.0 8087 11914
3833 1.0 8093 12527 13551
3834 1.0 8094 12018 16814
3835 1.0 8115
3836 1.0 8117
3837 1.0 8118
3838 1.0 8120
3839 1.0 8135
3840 1.0 8139 12486 14690 15848 15852
3841 1.0 8146
3842 1.0 8150
3843 1.0 8158
3844 1.0 8167 9076 12022 15119
3845 1.0 8181
3846 1.0 8203
3847 1.0 8208
3848 1.0 8210
3849 1.0 8214
3850 1.0 8221 10954 12275
3851 1.0 8237 11045
3852 1.0 8239
3853 1.0 8256 15156
3854 1.0 8267
3855 1.0 8279
3856 1.0 8286 14344
3857 1.0 8321 13526
3858 1.0 8342
3859 1.0 8343
3860 1.0 8352
3861 1.0 8358 9568 9928 16082
3862 1.0 8396
3863 1.0 8411
3864 1.0 8414
3865 1.0 8421 13713
3866 1.0 8427
3867 1.0 8429
3868 1.0 8441
3869 1.0 8451 16984
3870 1.0 8453
3871 1.0 8454 9879
3872 1.0 8455
3873 1.0 8463
3874 1.0 8465
3875 1.0 8507
3876 1.0 8508
3877 1.0 8515
3878 1.0 8534
3879 1.0 8563 17186
3880 1.0 8580 10575
3881 1.0 8581
3882 1.0 8590
3883 1.0 8592
3884 1.0 8610 12083
3885 1.0 8611 11954 12400
3886 1.0 8638
3887 1.0 8639
3888 1.0 8656
3889 1.0 8662
3890 1.0 8663
3891 1.0 8668
3892 1.0 8685
3893 1.0 8686
3894 1.0 8690
3895 1.0 8702
3896 1.0 8703
3897 1.0 8714
3898 1.0 8733
3899 1.0 8772
3900 1.0 8778
3901 1.0 8795
3902 1.0 8806
3903 1.0 8807
3904 1.0 8814 12315
3905 1.0 8818 11318 12464
3906 1.0 8822
3907 1.0 8867
3908 1.0 8881
3909 1.0 8887 15558
3910 1.0 8890
3911 1.0 8946
3912 1.0 8948 13687
3913 1.0 8954
3914 1.0 8974
3915 1.0 8978
3916 1.0 8988
3917 1.0 8994
3918 1.0 9014
3919 1.0 9052
3920 1.0 9057
3921 1.0 9061 12131 16609
3922 1.0 9095
3923 1.0 9101 13587 14753
3924 1.0 9113
3925 1.0 9115
3926 1.0 9118
3927 1.0 9121 10315 10882 12652 14990 16644
3928 1.0 9137 11847
3929 1.0 9138
3930 1.0 9143
3931 1.0 9149 15168
3932 1.0 9150
3933 1.0 9174
3934 1.0 9186
3935 1.0 9195
3936 1.0 9203 17308
3937 1.0 9208
3938 1.0 9209
3939 1.0 9213
3940 1.0 9221
3941 1.0 9225
3942 1.0 9232
3943 1.0 9233
3944 1.0 9237 10266
3945 1.0 9245
3946 1.0 9246 12013
3947 1.0 9266
3948 1.0 9285
3949 1.0 9297
3950 1.0 9313 11666 15462
3951 1.0 9316
3952 1.0 9321
3953 1.0 9322 14560
3954 1.0 9328 16124 16397
3955 1.0 9329
3956 1.0 9345
3957 1.0 9350
3958 1.0 9359
3959 1.0 9361
3960 1.0 9390
3961 1.0 9401
3962 1.0 9405
3963 1.0 9406
3964 1.0 9408
3965 1.0 9411
3966 1.0 9415
3967 1.0 9428
3968 1.0 9429
3969 1.0 9435 10288 15239
3970 1.0 9440
3971 1.0 9442 12016
3972 1.0 9444
3973 1.0 9445
3974 1.0 9466
3975 1.0 9482
3976 1.0 9501
3977 1.0 9512
3978 1.0 9527
3979 1.0 9531
3980 1.0 9539
3981 1.0 9540
3982 1.0 9541
3983 1.0 9559 10316
3984 1.0 9560 11551
3985 1.0 9571
3986 1.0 9572
3987 1.0 9583
3988 1.0 9650
3989 1.0 9651
3990 1.0 9662
3991 1.0 9681
3992 1.0 9699
3993 1.0 9726 12905
3994 1.0 9729
3995 1.0 9737
3996 1.0 9744
3997 1.0 9759
3998 1.0 9776 10897
3999 1.0 9777
4000 1.0 9793
4001 1.0 9826
4002 1.0 9834 14519
4003 1.0 9842 11563
4004 1.0 9844
4005 1.0 9855
4006 1.0 9858
4007 1.0 9860
4008 1.0 9867 14660
4009 1.0 9873
4010 1.0 9875
4011 1.0 9888
4012 1.0 9903
4013 1.0 9904
4014 1.0 9905
4015 1.0 9911
4016 1.0 9964
4017 1.0 9972 16406
4018 1.0 9985
4019 1.0 9989
4020 1.0 10005
4021 1.0 10048
4022 1.0 10058
4023 1.0 10067
4024 1.0 10070 15597
4025 1.0 10075 13074
4026 1.0 10076
4027 1.0 10086
4028 1.0 10097
4029 1.0 10112
4030 1.0 10116
4031 1.0 10125
4032 1.0 10128
4033 1.0 10131
4034 1.0 10154 12042 12828 14502 16797
4035 1.0 10183
4036 1.0 10184
4037 1.0 10189
4038 1.0 10193
4039 1.0 10202
4040 1.0 10249
4041 1.0 10268
4042 1.0 10279
4043 1.0 10296
4044 1.0 10312
4045 1.0 10322 14273
4046 1.0 10327
4047 1.0 10328
4048 1.0 10353
4049 1.0 10357 12269
4050 1.0 10366
4051 1.0 10389
4052 1.0 10400
4053 1.0 10403
4054 1.0 10413
4055 1.0 10422
4056 1.0 10426
4057 1.0 10437
4058 1.0 10439
4059 1.0 10440
4060 1.0 10446
4061 1.0 10449
4062 1.0 10487
4063 1.0 10507
4064 1.0 10520
4065 1.0 10534
4066 1.0 10540 15223
4067 1.0 10543
4068 1.0 10547
4069 1.0 10553
4070 1.0 10555
4071 1.0 10561
4072 1.0 10577
4073 1.0 10622
4074 1.0 10640
4075 1.0 10642 15901
4076 1.0 10659
4077 1.0 10663 11027
4078 1.0 10680
4079 1.0 10703
4080 1.0 10710
4081 1.0 10743
4082 1.0 10766
4083 1.0 10772 17066
4084 1.0 10775
4085 1.0 10789
4086 1.0 10796
4087 1.0 10797
4088 1.0 10810
4089 1.0 10818
4090 1.0 10846
4091 1.0 10850
4092 1.0 10869
4093 1.0 10873
4094 1.0 10878
4095 1.0 10904
4096 1.0 10934
4097 1.0 10948
4098 1.0 10973
4099 1.0 10993
4100 1.0 10999
4101 1.0 11003
4102 1.0 11015
4103 1.0 11016
4104 1.0 11017
4105 1.0 11020 13636
4106 1.0 11061
4107 1.0 11070
4108 1.0 11071
4109 1.0 11098 12046
4110 1.0 11109
4111 1.0 11116
4112 1.0 11120
4113 1.0 11124
4114 1.0 11141 11489 17011 17185
4115 1.0 11149
4116 1.0 11168
4117 1.0 11181
4118 1.0 11188
4119 1.0 11196 16348
4120 1.0 11202
4121 1.0 11208
4122 1.0 11259
4123 1.0 11264
4124 1.0 11267
4125 1.0 11275
4126 1.0 11281
4127 1.0 11291 15259
4128 1.0 11301 13701
4129 1.0 11306
4130 1.0 11315
4131 1.0 11321
4132 1.0 11324
4133 1.0 11338
4134 1.0 11351
4135 1.0 11361
4136 1.0 11410
4137 1.0 11435
4138 1.0 11449
4139 1.0 11455
4140 1.0 11486
4141 1.0 11493
4142 1.0 11494
4143 1.0 11495 14918
4144 1.0 11497
4145 1.0 11499
4146 1.0 11518
4147 1.0 11554
4148 1.0 11558
4149 1.0 11562
4150 1.0 11578
4151 1.0 11584
4152 1.0 11593
4153 1.0 11613
4154 1.0 11626
4155 1.0 11632 14618
4156 1.0 11633 12742 15232
4157 1.0 11634 13326
4158 1.0 11643
4159 1.0 11650
4160 1.0 11651
4161 1.0 11669
4162 1.0 11671
4163 1.0 11678
4164 1.0 11682
4165 1.0 11689
4166 1.0 11697
4167 1.0 11698
4168 1.0 11738
4169 1.0 11759
4170 1.0 11780
4171 1.0 11781
4172 1.0 11810
4173 1.0 11825 15147
4174 1.0 11836
4175 1.0 11853
4176 1.0 11860
4177 1.0 11864
4178 1.0 11879
4179 1.0 11884
4180 1.0 11888
4181 1.0 11895
4182 1.0 11898
4183 1.0 11902
4184 1.0 11904 13965
4185 1.0 11906
4186 1.0 11927
4187 1.0 11956
4188 1.0 12015
4189 1.0 12029
4190 1.0 12041
4191 1.0 12044
4192 1.0 12059 14253 16307
4193 1.0 12103
4194 1.0 12125
4195 1.0 12151
4196 1.0 12170
4197 1.0 12193
4198 1.0 12202
4199 1.0 12214
4200 1.0 12229
4201 1.0 12247
4202 1.0 12255
4203 1.0 12262
4204 1.0 12266
4205 1.0 12270
4206 1.0 12299
4207 1.0 12314
4208 1.0 12330
4209 1.0 12340
4210 1.0 12369
4211 1.0 12370
4212 1.0 12371
4213 1.0 12406
4214 1.0 12419
4215 1.0 12445 16804
4216 1.0 12451
4217 1.0 12466
4218 1.0 12475
4219 1.0 12482
4220 1.0 12488
4221 1.0 12494
4222 1.0 12501
4223 1.0 12506
4224 1.0 12508
4225 1.0 12511
4226 1.0 12514
4227 1.0 12518
4228 1.0 12530
4229 1.0 12534 15955
4230 1.0 12545
4231 1.0 12572
4232 1.0 12573
4233 1.0 12593
4234 1.0 12626
4235 1.0 12643
4236 1.0 12660 15653
4237 1.0 12664
4238 1.0 12701
4239 1.0 12705
4240 1.0 12710 15090
4241 1.0 12741
4242 1.0 12745
4243 1.0 12761
4244 1.0 12789
4245 1.0 12791
4246 1.0 12794
4247 1.0 12800 17253
4248 1.0 12801
4249 1.0 12809
4250 1.0 12814
4251 1.0 12837
4252 1.0 12878
4253 1.0 12903
4254 1.0 12907
4255 1.0 12909
4256 1.0 12917 14389
4257 1.0 12926
4258 1.0 12989
4259 1.0 12991
4260 1.0 12997
4261 1.0 13005
4262 1.0 13066
4263 1.0 13088
4264 1.0 13116
4265 1.0 13123
4266 1.0 13152 16473
4267 1.0 13191
4268 1.0 13200
4269 1.0 13209
4270 1.0 13220
4271 1.0 13223
4272 1.0 13236 15678
4273 1.0 13237
4274 1.0 13268
4275 1.0 13278
4276 1.0 13279
4277 1.0 13285
4278 1.0 13294
4279 1.0 13307
4280 1.0 13328
4281 1.0 13336
4282 1.0 13356
4283 1.0 13360
4284 1.0 13371
4285 1.0 13372
4286 1.0 13402 15200
4287 1.0 13417
4288 1.0 13434
4289 1.0 13442
4290 1.0 13443
4291 1.0 13447
4292 1.0 13448
4293 1.0 13460
4294 1.0 13503
4295 1.0 13521
4296 1.0 13553
4297 1.0 13581
4298 1.0 13585
4299 1.0 13588
4300 1.0 13646
4301 1.0 13655
4302 1.0 13667
4303 1.0 13685
4304 1.0 13699
4305 1.0 13720
4306 1.0 13739
4307 1.0 13741
4308 1.0 13754
4309 1.0 13759
4310 1.0 13776
4311 1.0 13781
4312 1.0 13789
4313 1.0 13790
4314 1.0 13795
4315 1.0 13796
4316 1.0 13804
4317 1.0 13805
4318 1.0 13806
4319 1.0 13809
4320 1.0 13838
4321 1.0 13851
4322 1.0 13853
4323 1.0 13862
4324 1.0 13882
4325 1.0 13883
4326 1.0 13910 16769
4327 1.0 13915
4328 1.0 13951
4329 1.0 13953
4330 1.0 13957
4331 1.0 13968
4332 1.0 13975
4333 1.0 13982
4334 1.0 13993
4335 1.0 13998
4336 1.0 14009
4337 1.0 14013
4338 1.0 14016
4339 1.0 14018
4340 1.0 14020
4341 1.0 14028
4342 1.0 14032
4343 1.0 14042
4344 1.0 14066
4345 1.0 14102 14290
4346 1.0 14114
4347 1.0 14116
4348 1.0 14136
4349 1.0 14176
4350 1.0 14177
4351 1.0 14193
4352 1.0 14196
4353 1.0 14219
4354 1.0 14271
4355 1.0 14287
4356 1.0 14289
4357 1.0 14319
4358 1.0 14320
4359 1.0 14321
4360 1.0 14324
4361 1.0 14339
4362 1.0 14346
4363 1.0 14348
4364 1.0 14359
4365 1.0 14369
4366 1.0 14371
4367 1.0 14388
4368 1.0 14409
4369 1.0 14414
4370 1.0 14427
4371 1.0 14454
4372 1.0 14455 17207
4373 1.0 14461
4374 1.0 14466
4375 1.0 14493
4376 1.0 14510
4377 1.0 14514
4378 1.0 14546
4379 1.0 14575
4380 1.0 14576
4381 1.0 14615
4382 1.0 14622
4383 1.0 14637
4384 1.0 14648
4385 1.0 14685
4386 1.0 14701
4387 1.0 14714
4388 1.0 14727
4389 1.0 14729
4390 1.0 14740 15656
4391 1.0 14769
4392 1.0 14782
4393 1.0 14793
4394 1.0 14807
4395 1.0 14850
4396 1.0 14854
4397 1.0 14855
4398 1.0 14856
4399 1.0 14857
4400 1.0 14862
4401 1.0 14868
4402 1.0 14882
4403 1.0 14890
4404 1.0 14927
4405 1.0 14936
4406 1.0 14945 15654
4407 1.0 14950
4408 1.0 14966
4409 1.0 14968
4410 1.0 14969
4411 1.0 14971
4412 1.0 15071
4413 1.0 15075
4414 1.0 15078
4415 1.0 15085
4416 1.0 15096
4417 1.0 15099
4418 1.0 15101 16050
4419 1.0 15115
4420 1.0 15138
4421 1.0 15177
4422 1.0 15209
4423 1.0 15217
4424 1.0 15218
4425 1.0 15221
4426 1.0 15227
4427 1.0 15238
4428 1.0 15260
4429 1.0 15291
4430 1.0 15293
4431 1.0 15303
4432 1.0 15314
4433 1.0 15317
4434 1.0 15328
4435 1.0 15340
4436 1.0 15376
4437 1.0 15378
4438 1.0 15396
4439 1.0 15423
4440 1.0 15472
4441 1.0 15474
4442 1.0 15501
4443 1.0 15528
4444 1.0 15536
4445 1.0 15548
4446 1.0 15574
4447 1.0 15582
4448 1.0 15604
4449 1.0 15627
4450 1.0 15641
4451 1.0 15671
4452 1.0 15685
4453 1.0 15751
4454 1.0 15758
4455 1.0 15795
4456 1.0 15798
4457 1.0 15804
4458 1.0 15826
4459 1.0 15828
4460 1.0 15834
4461 1.0 15847
4462 1.0 15856
4463 1.0 15860
4464 1.0 15899
4465 1.0 15902
4466 1.0 15915
4467 1.0 15928
4468 1.0 15929
4469 1.0 15941
4470 1.0 15951
4471 1.0 15958
4472 1.0 15968
4473 1.0 15978
4474 1.0 15988
4475 1.0 15990
4476 1.0 16001
4477 1.0 16012
4478 1.0 16015
4479 1.0 16018
4480 1.0 16019
4481 1.0 16030
4482 1.0 16041
4483 1.0 16055
4484 1.0 16083
4485 1.0 16106
4486 1.0 16126
4487 1.0 16127
4488 1.0 16130
4489 1.0 16150
4490 1.0 16152
4491 1.0 16157
4492 1.0 16175
4493 1.0 16186
4494 1.0 16187
4495 1.0 16188
4496 1.0 16207
4497 1.0 16293
4498 1.0 16294
4499 1.0 16328
4500 1.0 16331
4501 1.0 16347
4502 1.0 16349
4503 1.0 16355
4504 1.0 16361
4505 1.0 16368
4506 1.0 16378
4507 1.0 16390
4508 1.0 16394
4509 1.0 16407
4510 1.0 16422
4511 1.0 16428
4512 1.0 16435
4513 1.0 16437 17340
4514 1.0 16455
4515 1.0 16462
4516 1.0 16466
4517 1.0 16476
4518 1.0 16526
4519 1.0 16557
4520 1.0 16584
4521 1.0 16606
4522 1.0 16613
4523 1.0 16622
4524 1.0 16625
4525 1.0 16632
4526 1.0 16662
4527 1.0 16669
4528 1.0 16684
4529 1.0 16701
4530 1.0 16705
4531 1.0 16729
4532 1.0 16750
4533 1.0 16770
4534 1.0 16789
4535 1.0 16791
4536 1.0 16801
4537 1.0 16802
4538 1.0 16808
4539 1.0 16836 17019
4540 1.0 16854
4541 1.0 16897
4542 1.0 16917
4543 1.0 16924
4544 1.0 16936
4545 1.0 16961
4546 1.0 16977
4547 1.0 16978
4548 1.0 16991
4549 1.0 17004
4550 1.0 17021
4551 1.0 17029
4552 1.0 17041
4553 1.0 17045
4554 1.0 17084
4555 1.0 17093
4556 1.0 17100
4557 1.0 17102
4558 1.0 17122
4559 1.0 17126
4560 1.0 17135
4561 1.0 17142
4562 1.0 17152
4563 1.0 17174
4564 1.0 17177
4565 1.0 17178
4566 1.0 17182
4567 1.0 17187
4568 1.0 17188
4569 1.0 17222
4570 1.0 17269
4571 1.0 17283
4572 1.0 17298
4573 1.0 17355
4574 1.0 17360
4575 1.0 17375
4576 1.0 17382
4577 1.0 17388
4578 1.0 598 620 1800 2853 3310 3472 3478 4404 7210 8138 8144 8336 9125 9330 11252 11874 12952 13363 13813 15946 17303
4579 1.0 1872 10425
4580 1.0 4670 4983 12513 14101 14548
4581 1.0 7275
4582 1.0 11589
4583 1.0 14580
