1	1.0	1719	3284	9031	15347	15487	16248	17116	17330
2	1.0	481	1132	1954	2175	2224	3352	4543	4607	5888	7155	8932	9080	9971	10398	11378	11395	11787	12930	13096	14750	15007	15697	16470	16992
3	1.0	527	2584	4015	4226	4341	5067	5714	6061	6867	7418	9184	9882	12172	12225	14790	15465
4	1.0	405	588	881	1019	1377	1737	1837	2078	2424	2600	2848	3015	5734	6279	6426	7297	7445	7450	7893	8223	9162	9207	9836	10180	10201	10360	11205	13248	13262	13599	13614	13651	14019	14342	14820	15268	15327	15443	15635	15717	15778	15970	16408	16874	17049	17312
5	1.0	439	2120	5752	6271	7328	7476	7697	7805	8197	9201	9848	10260	10838	10951	11159	13250	13479	13962	14332	15070	15159	16741
6	1.0	468	653	1044	1522	1756	1765	1880	1950	1961	2039	2696	2869	2985	3157	3191	3224	3470	3484	3733	4323	4338	4380	5450	5486	5593	6023	6028	6403	6432	6565	6732	6803	6868	7050	7094	7138	7212	7649	7688	7851	7951	8112	8172	8191	8252	8255	8509	8680	9064	9166	9284	9530	9975	10443	10628	10949	11270	11271	11442	11531	11544	11637	11837	11915	12108	12253	12727	12755	12762	12941	13049	13393	13544	13547	13671	13911	14160	14441	14885	14905	14928	15383	15544	15602	15754	16475	16856	16893	17020
7	1.0	1112	2124	2980	4000	4136	4635	4879	5988	7729	8721	9513	9546	10884	12826	13525	13991	14584	15211	15750	16518
8	1.0	4863	7493	10448	12034	13070	15005	17369
9	1.0	1987	2263	2923	4498	6903	10568	11483	12942	15273	16743
10	1.0	3295	4832	9396	11681	14255	14583	15639
11	1.0	87	549	654	947	957	988	1072	1287	3069	3377	3547	3793	4008	4040	4046	4068	4472	4834	5085	5293	5411	5431	5453	5723	6042	6157	6222	6236	6388	6476	6703	6711	7139	7278	7832	8020	8713	8952	9175	9341	9876	10246	10488	10554	10864	10901	10983	11357	11522	11601	11664	11745	11750	12008	12512	12659	12678	12961	13084	13313	13658	14315	14489	14924	14962	15165	15752	15784	15940	15966	16038	16118	16312	16945	16948	16953
12	1.0	2096	3174	4990	6171	8817	9688	10388	11211	15130
13	1.0	2402	2414	2867	7091	8276	8457	8828	9135	10152	12983	14530	15006	17286
14	1.0	2512	6444	8571	8760	10551	12058	13972	17112
15	1.0	2889	6762	7279	11074	13149	13531	14022
16	1.0	3395	4056	4560	5309	8840	9680	9746	9954	11381	12342	14621	16028	16363	16943
17	1.0	93	971	2354	3921	4454	4701	5125	5194	5513	5523	7232	8040	8654	8831	11542	14452	15425	16054	16502
18	1.0	341	7237	7300	8251	11365	11638	12719
19	1.0	455	781	1649	4945	4969	6664	12841	14874	16318	16416
20	1.0	543	3088	3818	6249	6457	7664	9642	9837	10647	10687	16532
21	1.0	1218	3561	5141	7516	9276	9590	11254	15631	16115
22	1.0	1773	2132	4218	4351	6765	8785	10084	10447	10626	11305	11722
23	1.0	41	1419	2399	3878	4839	5312	11207	11500	12039	12833	14100	14535	14772	15341	16760
24	1.0	162	2595	2778	3610	5941	6498	7128	11945	12864	12880	13529	13707	14245	15492	16103
25	1.0	454	1859	6660	7935	8753	12197	14751	16551
26	1.0	1319	1558	4131	4223	4422	4782	7092	9689	10264	10854	11173	17000
27	1.0	1350	5186	6644	8728	12322	12647	16680	16742	17244
28	1.0	4100	4476	7263	7841	12068	13925	14801
29	1.0	6057	6648	6989	9346	13836	16559	16670	16829
30	1.0	38	2857	4459	4814	7277	10486	10711	14574	16214	16631
31	1.0	53	239	321	354	362	519	731	865	1389	1489	1548	1612	1708	2025	2034	2074	2535	2816	3447	4074	4177	4519	4640	4648	4772	4777	5033	5063	5069	5110	5135	5337	5345	5899	5974	6071	6205	6209	6256	6397	6419	6455	6461	7054	7633	7778	7947	8283	8446	8693	8912	9365	9604	9607	9863	10479	10673	11165	11389	12030	12456	12471	12496	13015	13103	13226	14814	15169	15476	15759	15909	15926	16303	16413	16712	16844	17033	17034	17209
32	1.0	112	458	3365	4728	5746	8741	10335	11661	14733
33	1.0	976	4689	5064	10894	11937	14194	15732
34	1.0	1413	5343	6942	7409	10065	13369	15037	15927	16507
35	1.0	1549	1984	3799	7447	8745	11526	13549	13783	15503
36	1.0	1632	2797	4230	4912	4913	7928	8037	9991	11767	13439	15757	16708
37	1.0	2070	8722	10621	11423	11501	12690	13425	14996	17274
38	1.0	2191	5462	5475	5631	8023	15463	16049	16374	16411
39	1.0	2316	2385	3307	10962	12372	14603	14876
40	1.0	92	1118	2863	5383	6143	11082	15477	16026
41	1.0	12	1568	1953	3040	3595	3641	5385	5506	6194	6623	7459	7965	9296	9948	10381	11122	11152	11216	11382	11429	13231	13253	13489	14002	14973	15555	16338	16490	16536	16868
42	1.0	100	196	324	1314	1329	1483	1615	1667	2204	2706	2974	3202	4115	4236	4312	6280	6763	6947	7507	7640	7752	7756	8579	8720	8765	8865	9298	10181	10190	10695	10756	11352	11893	11934	12099	12312	12640	12785	12856	13623	13905	13920	14291	15357	15386	16238	16537	16682	17086	17164
43	1.0	144	260	3505	3771	9801	11069	11426	12921	14247
44	1.0	361	5012	6381	6917	7887	8315	8863	9299	9977	9996	10200	11241	16477
45	1.0	697	916	1409	2147	2809	3092	6009	7176	8155	8968	11091	12180	13053	13063	15707	15923	16167
46	1.0	749	3676	6362	6677	7461	10807	10883	11330	14325	16382
47	1.0	782	3918	6308	7158	7801	10967	11984	12339	13044	13068	13494	14998	15068	15186	15243	15391	15581	16629
48	1.0	788	2086	2993	3593	4424	5762	8217	14190	16021	16674
49	1.0	822	4329	6060	6905	8846	8976	9283
50	1.0	1140	2167	5441	7234	10515	12416	16941
51	1.0	1167	1553	3096	4067	4743	5256	7028	7502	8955	9311	12936	12995	15337	16037	16888
52	1.0	1346	3229	4465	7052	9398	10435	11266	12477	14057	15506
53	1.0	1524	1748	2271	2372	3020	3099	4716	6113	6196	7161	7319	9558	9823	10960	11567	13481	13669	15279	15619	16345	16639	16885
54	1.0	1919	4007	4967	7878	8957	9667	14586
55	1.0	2576	6031	6710	7912	11295	11454	13112	13125
56	1.0	3336	3884	5442	7498	7706	7764	8254	10498	11293	11511	13452	14078	16032	16968	17267
57	1.0	60	111	495	513	623	764	999	1513	1626	1813	1871	2425	2688	2962	3066	3599	3600	3787	3847	4238	4947	5933	6011	6156	6464	6501	6680	6778	7704	7717	7843	8293	8371	8434	8595	8602	9339	9469	9552	9753	9838	10029	10132	10199	10252	10483	10610	11510	11580	11829	11986	12032	12457	12866	12889	13424	13826	13857	14112	14392	14559	14721	15170	15406	15438	15455	15630	15719	15819	15871	16727	16905	17039	17180	17275	17276
58	1.0	149	467	3947	6907	7238	9736	13518
59	1.0	331	1060	2231	3960	4621	6192	7694	8665	10396
60	1.0	372	655	1378	1779	2004	2369	2702	3107	3223	5560	7202	7816	8750	8938	8987	9077	9309	10026	10157	10191	11062	11144	11403	11858	12263	12356	13168	13232	14246	15025	16197	16621	16693	16876	17374
61	1.0	470	5695	8257	9878	12803	15466	15716	16792
62	1.0	482	1130	1352	1508	1850	2593	3720	5098	7746	7876	8399	10694	11890	12503
63	1.0	671	980	1040	3755	7927	8148	8606	9895	11706	14933	15980
64	1.0	711	1786	2295	2423	2472	2948	3160	3579	4440	4481	5356	5629	5668	5856	6749	7117	7338	8170	8196	8445	9782	9918	9945	10175	10631	10875	11093	11200	11424	11490	12437	12763	13238	13761	14006	14185	15011	15190	15659	16560	17277
65	1.0	1226	2443	2594	2895	4719	7042	10344	10451	12033	13718	14474	15123	15478	17097
66	1.0	1271	1401	1525	2373	5162	6357	6543	6704	7163	8220	8418	8458	8530	9291	10745	10862	12327	13896	14081	14866	14954	15035	15185	15281	16938
67	1.0	1388	2102	3655	8682	8766	10314	15252
68	1.0	1676	7663	9451	9628	10054	10114	10489	10611	10649	11699	12005	15445	16233	16907
69	1.0	2492	5877	7415	8361	10148	10965	15505
70	1.0	2899	3690	7256	7881	10215	11966	12306	16358
71	1.0	4698	4897	5344	7634	7687	9725	17096
72	1.0	5923	6065	6111	6258	7547	9161	9172	10508	14764	16425
73	1.0	20	59	508	751	1097	1263	1546	1956	2083	2156	2659	3374	3424	3773	3896	3913	4204	4666	5026	5151	6955	7151	7500	7842	7921	8047	8073	8388	8484	8755	8797	8810	8859	9272	9351	10227	10615	11158	11244	11547	11735	12188	12645	12935	13114	13689	14725	14745	14870	14914	14921	15998	16129
74	1.0	82	2831	3784	4779	6940	8046	10617	11224	13222	14302	15089
75	1.0	251	353	1150	1585	1731	2091	2347	2507	3170	3449	3465	4051	4055	4495	4602	4660	4750	4966	5016	5705	6180	7156	7848	7933	8004	8353	8543	8617	8659	9423	9724	9727	9951	10196	10567	10813	11688	12179	12353	12621	12651	12668	12754	12769	12811	13256	13616	13964	14015	14031	15193	16173	16235	16239	16640	17106
76	1.0	288	3794	8742	8833	9494	10011	10052	12607
77	1.0	397	1646	1747	3029	3260	4180	4864	8339	8712	9802	10096	11591	12455	12838	13064	14569	16542	16842
78	1.0	505	1016	1644	3682	5418	8841	9817	9859	14513	15830
79	1.0	649	2131	3272	6930	8436	11103	12993	14768	15160	17134
80	1.0	677	1293	1302	2998	5127	5594	6176	6297	6629	9300	10299
81	1.0	922	2731	3574	4393	4462	4937	5528	6927	6946	8159	9280	9756	11129	13335
82	1.0	1248	2371	4362	6325	7080	10817	11672	15486	16174
83	1.0	1268	2685	4973	8860	12049	13076	14421	16061
84	1.0	1658	2932	6750	7906	9457	10401	10701	11649	14240	16276
85	1.0	1895	6361	10664	12220	12579	15142	15202	16196
86	1.0	2587	6630	8341	10101	11464	12143	15263	15636	15985
87	1.0	2838	3570	4619	10474	10764	13087	13708	16078	17091
88	1.0	3095	4191	6303	10089	12711	12906	17224
89	1.0	3435	3863	5259	5329	11444	11540	13028	14298	16190	16952
90	1.0	23	231	244	415	538	604	644	955	959	1451	1482	1640	1751	2107	2173	2239	2602	2775	3163	3379	3515	3751	3767	3965	3978	4095	4202	4310	4334	4614	4652	4731	4892	4914	4929	5448	5515	5687	6538	6837	6983	7033	7227	7246	7378	7438	7468	7641	7682	7814	7962	8050	8061	8153	8204	9205	9206	9418	9589	10195	10290	10419	10537	10902	10982	11115	11171	11337	11346	11654	11910	12006	12047	12420	12497	12499	12725	13192	13281	13764	14357	14536	14816	14865	15567	15613	15764	15815	16205	16240	16315	16337	16535	16699	16755	16860	16981	17123	17333
91	1.0	16	4253	4951	5867	6504	9144	12999
92	1.0	36	370	1557	2127	2677	4285	7201	9618	10898	11291	12425	13744	15259
93	1.0	55	662	785	912	1857	1975	2036	2186	2246	2463	2499	2648	2837	2956	3084	3121	3179	3244	3513	4179	4669	5365	5481	5556	5621	5652	6546	6549	7332	7604	7677	8007	8154	8168	8413	8479	8975	9925	10117	11282	11481	11744	11897	12168	12349	12568	12624	13065	13161	13224	13273	13332	13633	13727	13758	14251	14437	14598	14748	14800	14805	14982	15017	15215	16016	16064	16072	16295	16360	16379	16720	16725	17149	17335	17362
94	1.0	56	514	609	1781	1888	4770	7533	7624	8953	11257	13986	17222
95	1.0	78	309	394	2236	2327	2355	3049	3261	3565	3712	4160	4286	4672	4742	5627	5876	5924	6169	6478	6831	7125	8307	8487	8826	8906	9475	9564	9690	9767	9866	10103	11113	11263	12177	12823	12949	12971	13017	13378	13482	13505	13766	14062	14944	15040	15358	16391	16970	17305
96	1.0	132	3467	4414	4572	4845	8031	9428	9940	13688	14292	14972	15182	15593	16009	17068
97	1.0	171	4676	4679	6095	6731	8130	8715	9112	12346	13960
98	1.0	205	1034	2053	3606	4713	5382	8111	14210	14335	16786	17390
99	1.0	292	2982	4546	6036	9839	10074	13372	15419	16292
100	1.0	511	960	1628	2003	2900	4232	11376	14719	15662
101	1.0	554	1325	1528	2007	2375	2548	2601	2697	3039	3271	3875	4396	4686	4876	5248	6402	6537	7345	7849	7886	8185	8222	9420	9987	10051	10171	10276	10293	10734	11443	11458	11711	11718	11922	12154	12738	13467	13916	15286	15646	15912	16156	16279	17103	17356
102	1.0	645	3031	5443	7379	7968	9242	10735	12067	14068	14653	15553
103	1.0	698	1198	2552	5595	5711	6401	7722	7789	8965	10709	11623	11754	13045	14501	15373	16107	16371	16474	16835	16908	17385
104	1.0	719	799	2365	2613	3783	3931	5651	6662	6851	8182	9742	9960	12135	14407	14839	15197	15359
105	1.0	1292	3855	4264	6812	7370	14633	16623	16672	17062
106	1.0	1299	1584	1753	2515	2799	3566	4608	4768	5258	5519	6026	7397	8038	8260	8337	8569	8997	9425	9990	12747	13773	14183	14227	14610	14852	15846	16336
107	1.0	1358	2564	3319	3597	6770	8747	11528	15954	16122	17396
108	1.0	1396	3291	3886	5009	5090	5722	11863	12140	12688	14395	15143
109	1.0	1564	2293	2818	7469	10744	11393	11849
110	1.0	2516	2596	2638	3609	5083	6981	8067	14607
111	1.0	2538	4628	6034	6273	6672	8096	8948	9947	10224	10552	10984	11126	11475	13687
112	1.0	2624	7654	7781	9008	16215	16566	16838
113	1.0	2947	4303	4747	9194	11229	12146	12155	12641	13453	14926	15873	16519
114	1.0	3071	3274	5132	10378	10540	11274	11929	12831	13462	13876	15223	15563	16606	17389
115	1.0	3141	4802	5072	5925	7847	8296	11168	12737	12855
116	1.0	3350	9121	10315	10882	12652	14990	16644
117	1.0	3492	5002	5578	6110	9458	9672	13806	14374	14957	15164	15949	16230
118	1.0	3496	5087	9061	9290	10910	12131	13996	16609
119	1.0	3689	3841	3941	6164	7321	8914	11495	13720	14918	16653	17181	17283
120	1.0	6155	7106	7627	8396	8611	11954	12400	15681
121	1.0	1	3077	3127	4071	5392	7596	10098	10612	14390	15600
122	1.0	33	49	169	1227	1445	1510	1694	2232	3240	3531	3540	3940	4493	4957	5566	5611	5670	6436	6550	6779	7267	8129	9269	9984	11577	12417	12851	12992	13157	13401	13523	13866	14166	14228	14710	14894	14922	15110	15194	15348	15395	15741	16782	16810
123	1.0	44	217	1898	2460	3359	4875	5095	6275	7497	7702	8628	9456	10042	10307	12676	13164	14211	14295	15310	16987
124	1.0	118	2016	2695	4691	6509	6569	10706	13662	16424
125	1.0	145	212	597	744	950	1917	1947	3343	3717	4409	4485	4715	4754	4776	4821	5322	5677	6736	6990	7241	7753	7823	7973	8280	8314	9147	9685	10350	10808	11172	11605	12273	12357	12375	12448	12637	13021	13593	15074	15183	16601	16604	17169
126	1.0	146	561	1618	3550	4025	4603	5170	5730	7535	8227	8242	8312	8525	8886	10778	11006	11161	11677	11791	13673	13750	14017	14370	15269	15995	16222
127	1.0	173	264	2212	2392	3081	4604	4738	5952	7550	8345	15633	15867	17094	17307
128	1.0	199	213	618	906	917	1102	1406	1418	2407	2542	2906	2973	3025	3539	3654	3776	3911	4175	4383	4385	4638	4748	4766	4838	4895	5035	5086	5320	5437	5833	6076	6102	6329	6520	6748	6878	7449	8332	8942	9055	9387	10007	10107	10166	11077	11086	11179	11362	11520	11536	11627	11662	11733	11957	12054	12164	12540	13165	13985	14505	15550	15573	15663	15918	16395	17395
129	1.0	240	2911	3630	8292	11883	12011	12303	13143	13648	14226
130	1.0	259	262	1993	2214	2255	2275	5589	7939	9483	9969	10063	10861	10971	12282	12286	12765	14375	14683	15605
131	1.0	270	853	2614	4010	7613	8928	11631	11720	12428	15413
132	1.0	279	816	1014	1114	1171	1267	1535	1824	2215	2250	2961	2968	2971	3140	3375	4326	4376	4575	5314	5459	5672	5776	6514	7915	8164	8384	8432	8749	9111	9164	9448	9761	10174	10208	10914	11548	11641	11762	13039	13300	13730	14083	15612	16241
133	1.0	316	1998	5433	6606	7959	11220	11415	12250	17129
134	1.0	389	2329	3681	4840	8805	12336	12770	13981
135	1.0	459	793	1382	2207	3032	3357	5030	5657	6730	8874	9576	9841	10010	10203	10521	12137	12285	15195	15601	16779	17383
136	1.0	506	556	985	1511	2420	2493	2724	3228	3417	4956	5310	5773	5928	6018	6492	6892	7127	7727	8873	9707	10143	11111	11138	11394	11430	11687	11799	11881	12272	12559	12835	13079	13511	14171	14230	14384	16277	16380
137	1.0	515	1681	1840	6372	9376	10788	14104
138	1.0	564	573	1505	2208	2612	4641	4778	4884	5656	6049	8417	8788	10677	10738	11072	12276	12490	12500	12883	13355	13902	15043	15055	15454	15791	16635
139	1.0	603	3698	5718	11553	11844	12876	15306	15360
140	1.0	674	1596	5460	6553	7261	9096	11333	14563
141	1.0	766	3694	4013	4755	6288	6624	6705	11597	13645
142	1.0	894	992	1478	2251	2622	2769	2787	3512	3621	3801	6146	7217	7233	7478	7709	8187	8430	9230	9695	9910	10034	10394	10518	10929	10975	11084	11316	12805	12867	13330	13388	13797	14281	14579	16117	16229	16300	16329
143	1.0	1043	1621	2880	5661	8016	8585	10509	11546	15389	15416
144	1.0	1149	2658	2884	4441	4740	4954	6448	6764	7001	10765	10923	12788	15131	16042
145	1.0	1260	4106	7609	11978	12091	13919	16920	16922
146	1.0	1273	6913	12023	15307	15799	16077	17263
147	1.0	1313	1930	4735	6178	8232	8904	9978	11078	11182	12390	12413	14354	14669	16220
148	1.0	1327	4682	6212	6580	8207	11397	13147	14044	15049
149	1.0	1404	2836	3149	4978	7804	8359	8392	13457	14566	14709	15277	16191	16718
150	1.0	1496	3968	4143	5998	6144	7452	7865	8910	12261	13625	15390	15696	16861
151	1.0	1669	4582	7399	10947	12012	14666	14955
152	1.0	1728	5847	6301	6785	7462	7575	7803	10654	11523	12169	12972	13632	13859	14829	15598	16547	16778
153	1.0	1803	2616	2741	7903	8376	10305	13397	13535	17346
154	1.0	1825	3169	3217	6072	7829	9434	10158	12896	13722	16713
155	1.0	2252	3981	5774	7403	12421	13640	17290	17349
156	1.0	2340	3616	4510	6220	6931	7531	7853	14708	15163	16147
157	1.0	2498	3048	3867	4707	7424	8416	10725	11509	12423	16075
158	1.0	2636	3795	4413	5760	6519	6971	9189
159	1.0	4499	5115	8444	12491	13579	15786	17204
160	1.0	4741	5638	6561	9675	11110	11434	14420	17245
161	1.0	5921	8415	10130	10421	10463	12401	14730	14754	15240	17083
162	1.0	6885	7309	7355	13091	13733	14619	15285
163	1.0	598	620	1800	2853	3310	3472	3478	4404	7210	8138	8144	8336	9125	9330	11252	11874	12952	13363	13813	15946	17303
164	1.0	35	3468	4551	4888	6243	6804	9235	9446	10598	12134	14304	14980
165	1.0	74	391	869	890	1297	1403	1595	1702	3639	4140	5853	6050	6340	6615	7827	8198	8657	9091	9344	9409	9615	9632	11076	12114	12562	14001	14233	14919	14993	15042	15203	15352	15943	16369	16759	16785	16985	17005	17018
166	1.0	88	2010	5169	10573	12186	12613	13207	13512	14464	15441
167	1.0	113	2642	2945	3912	6993	7160	8183	15124
168	1.0	141	2221	2747	7741	8888	9114	10608	13918	15091	15701
169	1.0	143	532	692	1318	2262	4902	6717	7190	7574	7784	7792	8691	8996	13497	13835	14148	14831	15219	15449	16692
170	1.0	156	395	591	1234	1345	3043	3644	3866	4194	5361	9369	13870	14946	17043
171	1.0	207	606	657	856	883	1507	1552	1733	1780	2357	2704	2883	2916	3219	3288	3508	4339	4986	5487	5840	7062	7954	8635	8640	9226	9310	9389	9397	9455	9799	9981	10362	10363	10919	11278	11317	11561	11741	12531	12595	13306	13403	13694	13698	14137	14221	14283	14286	14620	14830	15087	15294	15475	15643	15976	16431	16454	16602	16652
172	1.0	269	1351	2154	5468	10023	11582	13405	13820	14682	14691
173	1.0	303	4661	11931	13507	13605	16366	16599
174	1.0	319	1236	1436	1890	2422	2505	2782	2929	2967	4172	4288	4536	4944	5318	6114	6296	6339	6641	8080	8246	8305	8360	8911	9603	9665	9816	11100	11550	11663	11712	12480	13141	13277	13515	13906	13967	14440	14499	14542	14577	15021	15552	15587	15810	15872	16097	16503	16883	16986	17257
175	1.0	359	614	752	1119	1205	1290	1875	1881	2031	2475	2807	3225	3562	3888	4069	5230	5726	6052	7680	8711	9004	9159	9526	9715	10094	10138	10478	12359	12843	12954	13619	13901	13997	14141	14282	14903	14910	15059	15069	15082	15842	15984	16246	17281
176	1.0	373	669	871	1105	3364	3389	4016	4933	7934	9785	10359	11652	11769	13391	14023	15380	15539
177	1.0	443	1519	1590	2021	2297	2337	3334	4321	6817	7196	7362	7599	9912	10121	10223	13154	13327	13357	13956	14113	14197	14978	16461
178	1.0	500	1887	2563	3161	3401	3959	4488	4508	4630	5284	5690	5957	6544	7107	7506	8533	8916	9058	9160	9588	10793	10816	11191	12934	12938	15950	16803
179	1.0	504	860	3930	4827	7600	13869	13875	15018	17025	17324	17326
180	1.0	521	563	700	729	1281	3221	3973	4904	5237	6882	9274	16254
181	1.0	601	2122	3872	5010	7193	7739	7907	9629	13000	13519	14628	14731	15586	16451	17085
182	1.0	625	1559	2283	3301	3499	5008	5291	6032	6970	7224	7381	8959	14071	14886	15066
183	1.0	637	3362	3483	3728	4759	4968	5240	5334	6094	6850	9460	10269	11026	13158	14010	14611	14674	14853	14995	15806	16793	17157	17237
184	1.0	650	1002	2089	2489	5712	7695	10482	11476	11529	13550	14277	14520	15459	16649
185	1.0	660	1631	3743	5428	7382	10427	10476	11375
186	1.0	667	882	1108	2104	2531	3214	3834	4972	5075	5288	5497	6450	7114	7735	8869	8950	9508	9840	10900	11057	11068	12171	13078	14749	15986	16400	16626	16858	16933
187	1.0	683	3008	6529	7230	8028	8374	8603	9657	12194	13565	15521	15794
188	1.0	709	1685	4207	4859	6022	12535	13083	15292	17195
189	1.0	789	1793	2888	3231	3236	4479	5370	5884	5915	6299	6893	7265	7845	8426	8520	8801	9768	11404	11950	13508	14760	15687	15959	16438	16716	16880
190	1.0	798	1360	1814	2135	2368	3045	4033	4079	4851	5664	6593	6754	7383	8652	10159	10433	13151	15578	15700	17299
191	1.0	841	6229	7221	7737	8681	10102	10377	11749	14426	17345
192	1.0	938	1932	2433	3592	4061	4086	5496	5645	5814	6047	8340	8706	11932	12302	12321	13377	13573	14401	14699	14967
193	1.0	997	4030	5479	8089	11276	12824	15207	15556
194	1.0	1086	3158	4293	5577	5724	9419	10650	11063	11427	12902	13472	13818	14869	15797
195	1.0	1116	2822	4427	4649	5187	6591	6843	9065	10066	10326	12296	12551	12611	13563	13747	14027	15467	15822
196	1.0	1291	5563	7457	7774	10259	11297	12063	16073
197	1.0	1367	2829	3302	4075	7081	10100	11928
198	1.0	1424	3917	4571	5628	7757	8962	9319
199	1.0	1448	2256	8275	8842	9404	11943	13527	14525
200	1.0	1458	9673	10405	12233	12366	12840	13241	14788	16396
201	1.0	1817	2157	2324	5679	6210	7637	10465	11795	12301	13921	15302	15785	16263	16570
202	1.0	1827	1911	2626	3201	4915	5862	8259	8330	11987	12200	13085	14260	17072
203	1.0	1870	2024	6871	8671	10502	12027	13298	16066
204	1.0	2319	5568	8128	9627	10438	10969	11145
205	1.0	2762	2833	2924	3992	4593	6548	6699	8535	9335	11234	11988	12124	13892	16831
206	1.0	2941	3522	5328	8466	9601	9754	11341	12206	12715	14358	15964	17234
207	1.0	5011	5062	6631	7950	8390	11921	14861	15997
208	1.0	5209	7475	9002	9133	9306	9320	10150	11032	16486	16737
209	1.0	6725	7192	11923	16412	16685	16956	17036	17262
210	1.0	786	828	1831	2817	2907	2933	3782	3980	4027	5861	6020	6133	6286	6453	8105	8423	8544	8956	9028	9045	9623	10283	10620	10666	10784	12459	12507	14496	14527	14616	15080	15560	15820	16071	16142	16452	16459	16979	17377
211	1.0	1594	2266	3942	4313	8718	9139	12345	13121
212	1.0	2874	4923	5641	7883	7929	8428	11705	12378	13476	16095
213	1.0	3263	5366	5483	7510	9152	9371	10056	10972	13827	14413	15173	16426
214	1.0	0	25	1464	1749	2216	4259	4509	5700	9067	9171	9587	13732	14099	14700	15942	16100	16211	16533	17219
215	1.0	5	451	776	1001	1635	2876	2887	3173	3386	3421	3939	3975	4149	4228	4705	5319	6055	6142	6404	7311	7602	7630	7948	8802	8811	8972	9450	9532	9626	10091	10420	10942	11606	11713	11878	12129	12145	12382	12858	13309	13323	13339	13407	13575	14581	14678	15073	15397	15775	16120	16204
216	1.0	15	795	972	1974	2511	3200	3518	3632	3994	4174	7123	7990	8143	8273	9090	12524	13009	13413	15549	15974	15999	16052	17302
217	1.0	84	182	680	872	994	1251	1252	1269	1578	1645	1931	2746	3014	3034	3358	3378	3489	4357	4428	4673	4683	5655	5782	5987	6017	6247	6248	6270	6295	6430	7525	8357	8364	8468	9670	9697	10609	10688	11565	12136	12217	12397	12441	12854	13193	14204	14604	14779	15814	15961	16039	16357
218	1.0	157	592	759	1305	1341	1343	1704	1914	2655	2878	2894	3115	5403	5683	6471	7144	7260	8334	8630	9254	9943	11011	11940	12882	13126	14434	15488	15805	15963	16269	16340
219	1.0	237	398	1017	1187	1908	2184	2192	2969	3293	3331	3450	3724	3865	4102	4563	5156	5331	5379	5811	6233	6277	6409	6604	7105	7343	7448	7529	7653	7701	9813	9849	10155	10490	10639	11621	11815	12351	12430	12692	13202	13542	13692	14252	14671	14698	14761	16180	16383	16528	16549	16775	17071	17118	17136	17168	17348
220	1.0	305	565	827	973	1157	1165	1331	1610	1642	2112	2145	2479	3440	3741	3945	4001	4198	4239	4468	4899	6824	6922	8125	8132	8645	8732	9749	9791	9811	10021	10877	12102	12106	12185	12280	13343	13348	14636	15615	15625	15808	15945	16132	16826	17316	17329
221	1.0	318	1410	2959	7031	8500	11636	12894	13683	14250	16678
222	1.0	385	531	1340	2705	3719	3870	4581	5454	5922	6399	8889	9086	9204	9407	11139	11779	13082	13491	13493	14418	16327
223	1.0	407	1096	1475	1545	1802	1960	2441	2711	4597	5025	5137	5338	5546	6857	7073	8570	8894	9930	10031	10690	10939	12095	12116	12704	12852	12871	13227	13661	13937	14403	14630	14742	15109	15715	15883	16166	17272
224	1.0	723	734	974	1220	1994	2657	2949	3009	3180	4350	4643	4797	4971	5204	5377	6599	7360	7859	9244	10393	11411	11826	14072	14428	14746	15349	16256	16628
225	1.0	750	954	1142	1276	1307	1335	1794	2258	2427	2477	2487	2687	2844	3103	3233	3383	3455	3520	3836	3935	4083	4192	4200	4378	4567	5092	5710	5918	6086	6987	7282	7358	7396	7437	7537	7618	7899	8393	8666	9006	9436	9507	9579	10027	10592	10643	10707	10757	11683	12209	12609	12644	12693	12839	12964	13136	13358	13641	14024	14037	14069	14076	14468	14665	15510	15767	16048	16090	16278	16485	16942
226	1.0	778	1239	2975	7064	8134	10957	12377	13387	13728	16208
227	1.0	859	1203	3010	5725	8264	9497	9731	10095	12431	14088	15107	15542
228	1.0	937	1899	2162	2284	5159	5615	8325	8870	9024	9643
229	1.0	968	1289	1804	2249	2700	3082	5830	6647	6929	8029	9620	9624	11789	12404	12408	12565	13570	13772	13824	14096	14545	14806	14898	15640	15850	15895	16105	16925
230	1.0	1031	1860	1979	1995	4354	4391	4573	4977	5452	5797	9072	10235	11310	12783	12874	13848	16665	17190
231	1.0	1087	2115	2750	3106	4483	5208	7548	9622	9805	10579	13841	15495	15839
232	1.0	1294	2093	3926	6001	6617	10261	14568	15840	16062
233	1.0	1379	3715	4349	5152	7565	9303	11506	12065	12525	12933	13889	14867	16776	17338
234	1.0	1530	2647	5294	7559	8243	10258	10453	17373
235	1.0	1705	3259	4342	6900	11190	14269	14450	14582	14702
236	1.0	1783	4489	5140	5580	6755	8318	9264	9832	9939	11073	11358	12426	12521	12718	12830	13004	13067	13110	13706	13791	13893	15162	15565	16572
237	1.0	1847	2503	3313	4406	4671	4989	5290	5555	5926	6134	7285	7317	8048	10049	10782	10821	10839	11976	12519	12958	13474	13779	15166	15394	15570	15676	16128
238	1.0	1892	4758	5265	8621	9854	10286	11859	12614	14167	15180	15469	15504	16915
239	1.0	1981	5163	5716	6526	7051	8649	12560	15050
240	1.0	1997	2773	5511	6400	8175	8471	13334
241	1.0	2404	2712	2861	3838	4534	6200	8241	11742	14570	16035
242	1.0	2533	5020	9399	14347	14625	16517	16983
243	1.0	2545	2562	2637	2812	4469	7346	8758	15178	15330	16402
244	1.0	2623	6794	8634	9908	12391	15375	17024
245	1.0	2915	8316	9891	11717	13446	13660	14911
246	1.0	4062	5216	10428	10542	12529	12612	12638	12986	13057	13705	17109
247	1.0	4737	5015	5990	6395	6657	8673	9247	10337	12813	14942	17321
248	1.0	5583	10237	11092	13899	15545	15762	17205
249	1.0	6392	8847	9421	13188	15514	16262	16954
250	1.0	9812	10173	10713	14274	14647	14651	16051
251	1.0	150	311	485	599	852	2026	2168	2332	2382	2514	2565	3427	3511	4246	4374	4709	5134	5193	5278	5466	5485	5942	5986	6070	6121	6300	6454	6696	6876	6877	7004	7041	7287	7698	7966	8274	8320	8769	9556	9563	9617	9701	9751	9963	10039	10040	10295	10309	10636	10670	10836	11136	11251	11466	11615	11730	11736	11794	12167	13080	13398	13464	13484	13700	13877	13929	14175	14381	14595	14785	15511	15868	16045	16225	16929	17363
252	1.0	3504	3811	4170	4588	5954	7900	8562	8641	8853	8936	9901	11012	12580	16976
253	1.0	11	24	483	589	844	1085	1199	1662	2038	2280	2676	2902	3057	3102	3268	3292	3382	3422	3463	3686	3929	4386	4726	4761	4979	5112	5395	5421	5542	5835	5859	5982	6265	6334	6391	6408	6477	6650	6739	6969	7223	7320	7385	7913	8060	8225	8288	8322	8701	8919	9007	9279	9427	9524	9953	10222	10491	10539	11250	11461	11488	11555	12066	12147	12328	12615	12697	12875	12918	13099	13182	13514	13756	13765	13798	14161	14310	15493	15519	15577	15647	15652	15818	15934	15993	16053	16056	16155	16265	16429	16667	16689	17087	17215	17221	17254	17381
254	1.0	4	273	684	925	1228	1368	2210	2721	2942	3064	3790	4114	4873	4909	4976	5018	5053	5445	5521	5991	6131	6919	6920	7181	7301	7316	7799	8141	8555	8626	8843	8877	9211	9720	10135	10752	11156	11668	12097	12257	12264	12493	12782	12960	13026	13093	13598	14038	14591	14763	14891	15034	15448	15930	16471	16806
255	1.0	31	899	933	1012	1332	1461	1912	1926	2571	2934	3033	3196	3243	3862	4270	4477	4878	4906	5078	5179	5180	5325	5647	5822	5940	5985	6016	6179	6198	6552	6608	6610	7302	7337	7465	7610	7985	8090	8226	8300	8586	8679	8880	9332	9780	10077	10424	10506	10528	10603	10737	11147	11199	11432	11808	11862	11938	12700	12773	13060	13455	13612	13677	13742	13793	14789	15803	16597
256	1.0	45	3065	3119	3758	7758	12774	13108	14613
257	1.0	66	243	252	335	668	1026	2559	3441	3699	3871	3908	4054	4318	4961	5396	5827	7087	7157	10142	10415	10475	10496	10517	11840	11996	13118	15452	17058	17196	17292	17378
258	1.0	75	226	435	857	1690	1973	2286	2570	3035	3079	3186	3276	3414	3761	5145	5195	5788	6410	6712	6992	7060	7136	7165	7216	8435	8521	8856	9197	9343	9914	10041	10809	11197	11355	11616	11635	12161	12165	13054	13319	13537	13555	13871	14026	14048	14123	14457	14612	15108	15224	15261	15356	15738	16247	16353	16594
259	1.0	220	1500	3380	3462	3657	3823	4317	5051	5061	8667	9606	11044	11568	13148	13212	14780
260	1.0	229	4105	7222	8261	12605	12751	16417
261	1.0	337	340	862	1007	1320	1487	1714	1915	1934	2458	2984	3182	3493	3519	3532	3679	4361	4548	5298	5857	5992	6112	6208	6245	6358	7189	7211	7349	7780	7895	8642	8832	8973	9017	9069	9223	10118	10146	10383	10750	10935	11028	11610	11819	11995	12472	12504	13611	13849	15367	15679	16119	16138	16145	16497	16555	16603	16733
262	1.0	356	518	583	587	648	1089	1113	1180	1243	1278	1338	1394	1809	1865	2051	2190	2390	2461	2748	2835	2858	3448	3555	3563	3706	3824	4994	5190	6077	6120	6353	6652	7286	7323	7439	7454	8407	8614	9054	9271	9394	9894	10000	10282	10369	10461	10597	10681	10980	11283	11468	11507	11612	11709	12584	12779	12818	12822	12944	13113	13146	13350	14122	14343	14465	14802	14825	14841	14863	15144	15246	15282	15364	15393	15743	16268	16330	16398	16563	16573	16650	16832	16851	16911	16927	16971	17143	17240
263	1.0	369	695	961	1349	1397	1490	1707	1757	3278	3580	3803	5348	5890	6815	7588	7728	9402	9932	10584	10804	11925	12758	12914	13855	14143	15460	16627	16681	16709
264	1.0	445	520	908	1041	1328	1941	4036	4501	4744	5333	5582	5785	6433	6963	8623	9307	9377	10456	11332	11485	11644	12248	12635	13984	14198	15057	15746	15779	16306	16946	17032	17284
265	1.0	526	1972	3207	4657	7298	8717	10387	12686	13486	15983
266	1.0	559	607	1637	3542	5989	8882	11036	13659	13898	14396	16847	17268
267	1.0	570	2335	3117	4300	5390	5964	7359	8179	8218	9019	11755	15424	15731
268	1.0	612	1725	7920	9748	13541	14301	15869
269	1.0	760	1298	2862	4775	4824	8777	9188	9760	10399	11967	13650	14948	16805	17357
270	1.0	768	5397	6611	9598	10347	14567	16059
271	1.0	784	1339	3242	3927	4019	5727	5908	6518	11237	12806	13173	13242	14558	15726	17319
272	1.0	990	4197	4763	5375	6632	6859	8502	9980	11820	12398	14818
273	1.0	1126	1913	3188	3348	4882	5586	6386	7140	7490	9518	9772	11841	13208	13591	14118	14229
274	1.0	1471	2100	3952	5605	6490	8812	8998	9514	10044	11960	11989	12950	13734	14606
275	1.0	1485	4746	5671	7744	9155	14561	15137
276	1.0	1959	5165	6880	8408	8933	9519	9880	10319	10739	12380	12458	14901	15015
277	1.0	2088	7471	7846	10855	11242	11816	12526	17042
278	1.0	2160	4224	5635	6468	9728	10728	13031	13483	14316	15994
279	1.0	2609	9140	10365	11961	12569	13036	14129	14164	14487
280	1.0	5771	6693	7206	8511	13828	15288	17141
281	1.0	70	1366	1829	2197	7647	10280	11913	16189
282	1.0	180	238	730	2726	4917	5550	6512	6626	7541	8059	8412	8776	8989	9250	10083	13077	13287	13477	13944	14180	14871	15061	17336
283	1.0	384	424	542	975	989	2599	2742	2815	3063	3112	3721	3732	3987	4292	4419	4578	5211	5274	5275	5444	5962	6556	7093	7369	7386	7392	7598	7607	8235	8692	8970	9129	9240	9529	9625	9740	10374	11377	11970	12759	13314	13959	14046	14199	14303	15141	15729	16418	16423	16939
284	1.0	571	572	758	1651	3004	4359	4537	6446	6460	8152	8609	10057	10068	15896	16493
285	1.0	739	855	942	986	1647	1790	2017	2076	2200	2446	3016	3949	4206	4453	4490	4523	4595	4600	4830	5520	5640	5829	6484	6678	6881	7303	7861	8084	8109	8404	8473	8572	9032	9304	9327	9856	10243	10481	10726	10933	11344	11360	11448	11521	11552	11916	12121	12617	12622	13390	14657	14762	15026	16820	17014	17015	17026	17158
286	1.0	987	2217	3612	6575	10472	11354	11771
287	1.0	2158	2758	3491	6456	8594	9187	10078	11701
288	1.0	4732	6064	7130	10226	11445	12159	16492
289	1.0	126	297	1163	1910	2064	2165	3495	3536	3614	4858	5231	6872	7242	7384	7423	7513	7593	8071	8107	8829	8896	9641	10851	12414	12415	12443	12618	13101	13225	13290	13808	13945	14074	15020	15408	15410	15471	16305	16763	16949
290	1.0	312	581	1217	2170	2317	2664	3296	3349	3777	3798	4336	4720	4862	5689	5701	5736	5865	6278	6573	6702	6719	6849	6866	7229	7759	7837	7944	9003	9078	9705	9741	9835	11498	11525	12532	13033	13117	13600	14366	14834	15016	15048	15056	15276	15996	16439	16589	16686	16695	16822	17341
291	1.0	437	735	836	1547	3369	3731	5357	5367	6073	6620	6921	7341	7412	7566	8151	8211	8541	8876	11219	11385	12946	13406	13567	14120	14792	14958	15086	15097	15248	16489	16901	17061
292	1.0	1191	1713	3769	4347	4868	7684	17128
293	1.0	328	382	477	503	582	834	1315	1555	1856	2069	2692	2897	2905	2989	3110	3363	3416	3647	4125	4429	4442	4798	4804	4974	5057	5160	5161	5364	5860	5903	6033	6414	6603	6737	6772	7252	7813	8437	8531	8536	8633	9158	9238	9636	9819	9961	10151	10386	10602	10618	10671	10689	10749	10777	10833	10840	10913	10955	11018	11039	11151	11469	12078	12176	12344	12381	12564	12567	12610	13269	13304	13352	13670	13696	13763	13874	13928	14152	14307	14408	14767	14787	15509	15878	15936	16193	16364	16443	16590	16824	17092
294	1.0	1925	2470	6371	8937	9433	9965	12717	15893
295	1.0	896	1845	4324	4353	4925	12937	13534	15191	16815
296	1.0	962	3850	4570	5044	6069	6753	6826	6839	11447
297	1.0	1727	3135	3526	8229	10340	15278	16540
298	1.0	2116	4111	10986	11408	15981	16758	16912
299	1.0	1027	3543	3581	4769	4805	6820	8493	9295	10794	10852	10989	12292	13748	13821	14564	15728	15832	15897	16218
300	1.0	69	308	547	915	1051	1131	1372	1405	1562	1889	2468	2527	2588	2603	2605	2707	2792	2938	3279	3707	3786	3842	3910	3984	4043	4151	4211	4241	4471	4799	4998	5415	5429	5669	5770	5881	6449	6488	6661	6724	6853	7645	7715	7866	7930	7940	8123	8494	9048	9109	9134	9485	9522	9578	9582	9671	9993	10169	10198	10572	10747	10920	11048	11245	11290	11935	11994	12007	12057	12320	12581	13038	13102	13132	13316	13487	13538	13768	14444	14524	14554	14638	14752	15157	15167	15206	15284	15313	15482	15537	15557	15843	15919	16031	16194	16257	16445	16595	17099
301	1.0	147	1107	4097	5077	9922	12403	13139	15053
302	1.0	164	168	717	4365	7603	7745	10367	10586	11451	11517	13656	15982	17295
303	1.0	193	1173	1210	1834	2462	3443	3560	4425	4795	5821	6523	8923	9179	9441	9631	10216	10494	10841	13833	13884	15351	16484
304	1.0	261	665	802	1506	1902	1978	2244	2640	4190	4522	5729	6670	7024	7329	7705	8424	9185	9735	10529	10697	11514	11721	13177	13927	15933	16481	17023	17104	17131
305	1.0	811	4410	6360	8456	10149	13013	14451
306	1.0	1720	1819	2730	4120	5003	6910	12558	13272
307	1.0	315	1247	1746	1906	2772	3451	4240	4627	5609	7749	8460	9042	9750	9752	10516	10835	11123	11646	12600	14393	14864	15500	16341	16554	16661	16900	16902	16966	17078
308	1.0	377	479	544	1304	1586	2345	2909	3596	3737	3753	3860	4497	4506	4837	4881	4949	4987	5261	5691	7213	8049	8898	9353	10165	10544	12128	12912	12988	13726	14128	14379	15428	15624	15952	16007	16658	16671	17161
309	1.0	577	952	1264	2273	2450	3590	3713	4267	5269	6855	7732	8088	8781	9557	13138	13288	14333	15851	15910
310	1.0	2094	2301	4412	5004	10339	14572	15079
311	1.0	2108	3716	4248	4255	10698	13989	14504	16664
312	1.0	494	1355	2002	2628	3326	3498	4234	4331	5347	6148	7007	7085	7810	7946	12602	13270	15076	15387	16228
313	1.0	338	593	624	969	970	1303	1670	1842	1900	1966	2106	2118	2198	2199	2341	2567	2568	2798	2802	3046	3328	3534	3674	4065	4070	4247	4398	4401	4435	4458	4717	4725	5049	5249	5910	5945	6119	6172	6634	7284	7305	7363	7372	7387	7413	7625	7660	7724	7748	7817	8189	8282	8290	8380	8927	9082	9379	9652	9937	10017	10242	10471	10513	10616	10931	10936	11119	11185	11298	11843	11909	12019	12089	12127	12141	12836	13162	13373	13690	14082	14133	14169	14377	14543	14673	15027	15094	15494	15703	15722	16131	16350	16539	16624	16660	16937
314	1.0	339	996	2018	2553	3320	3458	4642	4836	5336	5561	5713	5927	7494	8233	8762	8779	9025	9301	9488	10791	10992	12213	13293	14459	15267	15691	16011	16365	16441	16659	17366
315	1.0	535	5430	6796	6977	8576	9605	12123
316	1.0	567	736	826	1181	1265	1501	1743	1976	2048	3199	3651	3881	4220	4629	5414	6417	6655	6751	7047	7407	8215	10343	10674	11249	11356	11480	12148	12399	12766	14093	14135	14140	14934	15829	16201	16333	17077
317	1.0	850	2577	3220	4503	6137	6191	7326	7546	9380	11261	14200
318	1.0	1121	1893	2597	2756	3143	3341	4295	4613	5120	5842	6027	6564	6568	7011	10019	10633	12684	12695	12735	13895	14398	15228	16866
319	1.0	1459	2247	5502	6393	8629	12591	13051
320	1.0	2430	6411	7143	9661	10641	11764	12060	12589	13107	14089	16169	16376	17137
321	1.0	3333	5572	5720	8857	11286	11674	12495	13184	13367	13416	15592	15760	16154	16764
322	1.0	4533	6407	7096	7481	8892	10168	11013	11939	14837	17073
323	1.0	5323	7172	8464	8704	8951	9410	9938	10267	10432	11022	12520	13204	14124	14236	14540	14646	15388	15769	15824	16085
324	1.0	1788	1982	3085	3230	3431	3736	4544	4665	5226	5516	5698	5748	5844	6499	7856	8992	9022	9063	10238	10458	10686	13179	13305	13392	13922	14299	14537	14938	15175	15523	15673
325	1.0	34	941	1791	2502	3007	3256	5737	8230	8787	12522	13958	14473
326	1.0	1254	1876	3098	5201	7388	7672	8624	9704	14550	14739	14963	15210	16162	16288
327	1.0	110	272	345	1754	1897	2318	2546	2845	3772	4266	6030	6535	6586	7961	8131	8265	8501	8866	10718	11622	12072	14355	14360	14587	14661	14667	16121	17037	17266
328	1.0	367	419	548	1577	1608	2098	2719	2864	2994	3697	5995	6283	6886	7996	9733	11127	12628	17165
329	1.0	893	3510	3710	4995	5731	7689	8809	9992	10566	13584	14077	16430
330	1.0	911	5721	5753	9056	9596	9646	10535	10761	11604	14443	15244	17057
331	1.0	4718	8963	9120	9924	14766	16767	16865
332	1.0	77	1744	4213	4745	7595	10106	10760	11269	14997
333	1.0	101	188	2411	2951	7038	7477	16381	17232
334	1.0	172	956	1723	2276	2526	2625	3101	3770	4343	5499	6668	6847	7207	7945	8303	8986	9123	9783	10053	10336	10379	10657	11380	11571	11594	11728	11854	11936	12175	12816	12929	13629	14484
335	1.0	296	566	580	628	2066	2260	4141	6219	6352	6961	7045	8864	9180	9181	10414	13963	14380	14724	15457	15657	16538
336	1.0	652	838	1153	1316	1971	2808	3083	3113	3209	3403	4044	4294	5089	5251	5960	6790	7124	8557	9363	9787	9897	10245	10462	10585	10961	12509	13034	13128	13213	14712	15004	15154	15427	15543	16087	16544	17256
337	1.0	699	6496	6908	10581	11369	12239	14650
338	1.0	1333	2914	3932	10164	12090	14533	15837	16568
339	1.0	2278	6527	10109	10799	15632	16608	16963	17016
340	1.0	5697	6690	7109	9260	9416	9551	13301	14448	14605
341	1.0	3672	7180	8893	10256	12230	14423	16335	16668	16696
342	1.0	2903	4500	4752	6621	6695	9255	10662	10675	11811	11824	12385	12583	12627	15118	15171	17250
343	1.0	202	409	416	1032	1296	1536	1614	1734	2159	2240	2722	3588	3740	3880	4148	4846	5372	5417	5897	5948	6087	6428	7868	8044	8748	9383	10055	11002	11178	11953	12112	12462	12590	12666	12703	12744	15355	15572	15960	16482	17353
344	1.0	232	3252	4229	4736	10423	11680	12064	14601	14688	15426	16993	17125
345	1.0	436	447	1472	1580	1777	2001	3337	3745	5243	5301	5869	6627	6889	6939	6968	7111	8738	9000	9278	9384	9600	10211	11053	12784	12959	14323	16101	17080	17339
346	1.0	1189	2072	2178	4109	6376	7594	15721	16029
347	1.0	287	1763	6525	7670	9349	11770	12331
348	1.0	608	880	2241	2274	2983	3977	4077	6266	6539	6829	7071	8646	9131	9843	9909	10531	11114	11248	11368	12955	13048	13175	13364	14557	15541
349	1.0	123	408	462	634	832	866	1013	1232	1629	1808	1943	1955	2348	2854	3086	3145	3183	3290	3339	3507	3754	3791	4118	4127	4186	4210	4322	5038	5477	5885	5978	6108	6123	6167	6226	6290	6341	6481	6721	6933	7197	7394	7422	7552	8165	8176	8637	8931	9093	9438	9476	9831	10033	10546	10819	11155	11326	11658	11830	11973	12192	12780	13024	13144	13196	13654	13860	14004	14030	14073	14154	14172	14181	14592	14822	14889	15283	15538	15904	16140	16467	16580	16647	16914	17013	17047	17076
350	1.0	151	411	670	1143	1259	1512	1534	1570	1792	2149	2558	3366	3584	3796	4088	4163	4870	4985	5622	5637	5717	6312	6438	6740	7657	8245	8397	8825	8835	9176	9199	9393	9496	10589	10705	11347	11823	11848	11980	12153	12281	12297	12325	12588	13187	13260	13349	13496	13574	14178	14334	14400	15765	16148	16203	16419
351	1.0	1272	5316	7505	7536	10302	14208	14340
352	1.0	399	616	873	1567	1674	1833	1949	2272	2560	2699	3151	3262	3548	3636	3656	4387	4688	4930	5081	5295	5362	5464	6218	6366	6814	6911	7100	7322	7894	9041	9130	10325	11309	11482	11596	11600	11693	11704	11725	11838	11905	11965	12055	12144	12685	12868	12879	13111	13133	13219	13252	13315	13533	13847	14237	14534	14573	14929	15161	15569	15782	15796	15967	16219	16334	16592	16967
353	1.0	783	3249	3955	5296	5759	6416	12115	13709
354	1.0	4487	5224	8000	8607	8651	9463	9774	10940	11312	15935	16751	16857	17179
355	1.0	365	1863	2634	4128	4561	5904	5950	6257	6348	12051	12910	13354	13723
356	1.0	248	313	558	643	713	864	1312	1514	1560	1604	1835	2410	2494	2517	2667	2668	2925	2972	3019	3024	3589	3645	3700	3760	3831	4685	4694	5210	5810	6574	6588	6651	7018	7046	7231	7296	7554	7562	7643	7869	7956	8091	8879	9200	9786	10001	10082	10210	10332	10906	11753	11835	11851	12258	12985	13027	13160	13199	14034	14383	14974	14992	15265	15299	15768	16289	16372	16673	16777	16990	17035	17138	17193
357	1.0	274	1740	3766	4692	4885	7119	7344	9633	9828	10731	11094	11564	13247	15051
358	1.0	4258	7726	7750	8558	9281	12374	15139	15987	16393	16433
359	1.0	546	704	807	910	1050	1070	1103	1224	1286	2187	2248	2253	2296	2412	2578	2763	3051	3327	3537	3603	4048	4558	4609	4646	4880	5178	5569	5602	5883	5967	6328	6884	6976	6996	7167	7262	7563	7826	7986	7998	8062	8136	8224	8295	8574	8627	8767	8800	8903	8908	9011	9231	9468	9481	9495	9907	10239	10391	10916	11471	11608	12118	12139	13215	13271	13411	13572	13755	13987	14184	14279	14330	14432	14641	14677	14860	14878	14902	15174	15236	15384	15429	15813	15859	16027	16102	16385	16504	16651	16666	16869	17171
360	1.0	835	848	1256	3541	4975	5439	7656	8122	8763	9489	10218
361	1.0	812	3622	10590	12898	13684	14151	16151
362	1.0	3587	4928	6473	6576	7720	7822	9084
363	1.0	3739	5845	8478	10230	14429	14659	14757	14994	15491	15686	16697
364	1.0	215	253	885	1285	6274	6682	6819	7797	13912
