1	1.0	81	609	647	1294	1372	1460	1581	1684	2079	2083	2089	2626	2687	2923	2988	3044	3085	3412	3433	3661	3752	3776	3936	4206	4406	4768	5036	5335	5677	6740	6791	6820	6889	7128	7157	7415	7449	7555	8030	8240	8857	8943	8999	9569	9794	10032	10042	10663	10987	11096	11279	11437	12027
2	1.0	259	461	477	670	842	848	985	1041	1204	1217	1223	1629	1805	2352	2375	2386	2623	2817	2886	3197	3221	3484	3737	3742	3787	3837	4012	4050	4113	4130	4275	4318	4477	4508	4725	4789	4801	4871	5230	5333	5363	5393	5472	5529	5590	5678	5699	5791	5856	5988	6019	6156	6210	6359	6475	6649	6704	6816	7058	7135	7159	7465	7487	7577	7590	7609	7632	7645	7651	7758	8080	8127	8128	8209	8311	8356	8449	8535	8686	8746	8823	8856	9196	9314	9355	9440	9458	9551	9592	9599	9606	9692	9699	9853	9903	9910	10027	10147	10305	10351	10454	10466	10816	10896	10931	10968	11033	11046	11083	11321	11386	11654	11744	11810	11959	12118	12119	12149	12258	12357	12389	12578	12585
3	1.0	272	321	334	362	524	821	926	1226	1390	1520	1656	1879	2118	2146	2389	2471	2935	3274	3492	3794	4026	4966	5053	5235	5445	5481	5593	5857	5878	6261	6506	6632	6703	6941	6981	7052	7075	7105	7183	7192	7222	7257	7454	7504	7587	7914	7927	7968	8205	8602	8754	8915	8918	8967	8969	9244	9282	10220	10334	10339	10390	10476	10740	10823	11007	11028	11196	11617	11798	12046	12112	12154	12308	12335
4	1.0	605	984	1085	1156	1195	1297	1347	1967	2314	2339	2513	2575	2622	2870	3716	3806	4107	4276	4917	5264	5455	5519	5527	6020	6255	6312	6327	6424	6426	6607	6763	7308	7408	7467	7670	7762	7991	8047	8057	8140	8260	8290	8499	8573	8726	8735	9030	9450	9635	9940	10007	10261	10470	10831	11161	11746	11802
5	1.0	116	475	902	1168	1222	1785	2025	2170	2211	2218	2353	2783	3101	3320	3746	3880	4608	4690	4972	5351	6145	6663	6743	6764	7165	7350	8105	8151	9629	9647	9824	9861	10333	10555	10584	10641	10678	10713	10890	10980	11715	12174	12350	12571	12580
6	1.0	553	952	983	1139	1333	1483	1715	1771	1831	2900	3212	3365	3594	3634	3821	3835	3871	3903	4047	4053	4390	4431	4707	5279	6238	6988	7280	7378	7891	8107	8478	8848	8968	9053	9136	9274	9283	9410	9631	9948	9994	10132	10154	10185	10323	10959	11241	11491	11575	11583	11625	11988	12009	12036	12169	12582
7	1.0	17	72	82	87	262	322	323	378	448	887	972	1036	1078	1148	1420	1490	1610	1697	1721	1781	1894	2036	2187	2277	2315	2368	2380	2583	2607	2925	3008	3206	3228	3261	3327	3425	3777	4079	4126	4301	4349	4387	4553	4588	4623	4806	4830	5306	5357	5477	5514	5576	5626	5636	5663	5775	5954	5994	5998	6121	6186	6345	6559	6576	6579	6730	6732	6841	6982	7130	7134	7381	7536	7662	7676	7684	7711	7844	8038	8184	8230	8235	8359	8459	8523	8527	8601	8603	8683	8761	8770	8785	8868	9075	9113	9128	9215	9328	9333	9398	9423	9652	9661	9724	9950	10093	10152	10168	10180	10285	10343	10431	10439	10447	10845	10915	11106	11698	11804	11916	11993	12016	12224	12244	12248	12300	12363	12437
8	1.0	71	226	297	439	465	601	617	1033	1136	1169	1202	2024	2141	2169	2209	2569	3285	3811	3925	4179	4202	4303	4559	4601	4754	5419	5467	5839	6054	7194	7434	7737	7804	7840	7862	7863	8301	8709	8743	9023	9146	9251	9645	9648	9791	10485	10739	11226	11373	11417	11634	11770	11910	12168	12218	12327	12545
9	1.0	68	287	591	632	1246	1387	1688	1865	1971	1974	2061	2082	2198	2455	2537	3220	3243	3247	3378	3517	3788	4017	4078	4152	4416	4514	5013	5222	5358	5436	5581	5922	6052	6148	6226	6460	6574	6741	6882	6956	6980	7139	7274	7374	7878	7885	8199	8218	8378	8558	8585	8820	9153	9431	9621	10008	10191	10215	10236	10558	10923	11102	11130	11222	11436	11486	11502	11530	11554	11687	11706	11750	11842	12060	12104	12187	12484	12550
10	1.0	46	218	544	602	1159	1810	1853	1887	3332	3436	3810	4151	4220	4308	4581	4734	4858	4874	5497	6080	6338	6484	6568	6714	6768	6901	6993	7700	8365	8762	8914	8919	9511	9531	9609	10099	10186	10867	10932	11041	11688	11816	11913	12072
11	1.0	10	15	209	274	832	1280	1282	1485	1522	1524	1907	2113	2298	2356	2613	2907	2940	3018	3234	3260	3290	3529	3570	4042	4657	5078	5320	5403	5487	5553	5945	6005	6336	6523	6562	7065	7306	8126	8220	8222	9048	9182	9674	9715	9799	9965	10172	10529	10573	10820	10847	11281	11416	11485	11773	11777	11784	12069	12547	12572
12	1.0	181	692	854	1182	1572	1833	1851	1976	2179	2931	3354	3693	4068	4538	4851	5045	5088	5229	5457	5585	5647	5963	6243	6324	6614	6802	6807	6835	7253	7650	7755	8039	8276	8498	8511	8567	8589	9086	9494	9612	9765	9982	9984	10069	10088	10700	10937	11409	11692	12414
13	1.0	86	541	731	771	779	1081	1622	1672	1895	1980	2074	2236	2246	2263	2520	2772	2993	3110	3198	3364	3540	3618	3646	3676	4226	4279	4493	4652	4745	4827	4926	5003	5126	5202	5389	6004	6009	6171	6361	6612	6664	6788	6794	6849	7115	7457	7502	7908	8117	8124	8821	9122	9197	9434	9555	9783	9891	9978	10227	10296	10501	10664	11098	11125	11287	11678	11764	11866	11879	11930	11942	12428	12512
14	1.0	18	326	392	1012	1316	1526	1685	1733	2458	2483	2811	3031	3077	3711	3847	4420	4630	4640	4821	4869	5246	5328	5600	5602	5651	5703	5887	5917	6711	7089	7965	8044	8291	8343	8759	9221	9357	9428	10058	10407	10528	11613	11918	11950	12133	12209	12302	12443	12500
15	1.0	693	1103	1739	2770	2873	3705	3915	4348	4350	5032	6654	7371	7841	8296	8500	8513	8642	9072	9987	10216	10331	10486	10686	10868	11059	11238	11582	12540
16	1.0	307	489	566	597	634	838	893	1143	1201	1230	1240	1334	1563	1578	1745	1749	1765	1999	2224	2463	2568	3017	3057	3251	3552	3560	3575	3606	3629	3764	3832	3946	4002	4161	4370	4513	4561	4819	4958	5050	5131	5146	5327	5469	5503	5560	5806	5941	6288	6446	6447	6533	6861	7228	7405	7501	8345	8350	8504	8520	8608	8611	8692	8699	8778	8879	9131	9239	9373	9401	9429	9713	9817	10199	10246	10313	10494	10508	10547	10607	11332	11442	11509	11671	11705	12089	12139	12243	12276	12403	12533
17	1.0	35	231	369	379	1076	1326	2411	2967	3543	5352	6505	7554	7983	8203	8643	9051	9359	9601	9896	10552	11272	12214
18	1.0	58	127	671	915	971	1149	1317	1363	1400	1732	1783	1837	2009	2434	2441	2470	2581	2656	3020	3091	3202	3528	3793	3845	3875	3895	3935	4189	4592	4688	4732	4763	4867	5039	5054	5127	5819	5858	6189	6512	6611	6715	6840	7029	7154	7319	7579	7770	7806	7973	8076	8387	8410	8647	8675	8765	9441	9653	9772	9890	10367	10378	10495	10500	11257	11350	11415	11570	11902	11943	12259	12356	12450	12532
19	1.0	170	266	536	863	1191	1199	1234	1243	1500	1838	1969	2267	2555	2566	2578	2762	2791	3042	3199	3276	3599	3635	3867	3881	3926	3957	3968	4134	4147	4168	4177	4225	4296	4345	4483	4542	4741	4890	4947	4981	5066	5322	5433	5692	5896	6062	6418	6427	6433	6765	6856	7039	7101	8074	8087	8112	8182	8255	8792	8827	8948	9044	9158	9326	9639	9651	9701	9833	9952	10173	10232	10310	10404	10632	10640	11345	11665	11994	12238	12266	12379	12412
20	1.0	440	663	1176	1588	2918	2922	3375	3751	3826	3997	4162	4455	4622	4654	4705	4723	5456	5507	5828	6164	6564	7035	7235	7730	8113	8228	8728	9074	9958	10243	10477	10537	10969	11223	11611	11656	11771	12211	12343	12411	12577
21	1.0	7	74	220	227	615	685	1093	1178	1255	1278	1318	1710	1725	1885	2019	2029	2070	2078	2128	2383	2393	2538	2556	2816	2861	3061	3112	3191	3549	3565	3697	3699	3718	3781	4081	4135	4184	4288	4297	4374	4425	4941	5125	5220	5435	5504	5520	5543	5642	5655	5725	5744	6213	6407	6626	6962	7129	7364	7459	7529	7785	7845	8096	8187	8354	8516	8688	8984	9082	9257	9747	10193	10249	10316	10335	10649	10782	10799	10809	10838	10953	11030	11054	11231	11237	11242	11348	11675	11768	11878	12031	12131	12141	12402	12488	12563
22	1.0	738	2177	2920	3908	4099	4684	4710	4774	4889	5292	5450	5452	5492	5542	6014	6241	6249	6472	8029	8052	8920	9543	10639	10806	11264	11301	11800	11847	12103
23	1.0	60	309	311	382	400	442	472	493	508	515	753	969	1286	1464	1470	1574	1716	1875	2234	2248	2349	2404	2505	2638	2821	2842	2978	3019	3021	3081	3161	3205	3382	3383	3397	3626	3707	4004	4060	4364	4448	4500	4525	4580	4700	4918	4921	4935	5061	5182	5198	5206	5249	5302	5495	5496	5577	5739	5814	5876	5979	6352	6629	6748	6990	7030	7057	7757	7799	7855	7861	8144	8185	8385	8446	8470	8565	8587	8616	8871	8872	8991	9228	9271	9307	9421	9873	9962	9968	10130	10410	10611	10661	10732	10794	10825	10876	11064	11308	11353	11356	11497	11629	11670	11753	11939	11941	12134	12171	12314	12348	12392	12466
24	1.0	97	306	438	575	636	885	1155	1192	1342	1409	1418	1819	2033	2256	2308	2403	2654	2703	2721	2773	2806	2814	2827	3104	3236	3287	3316	3715	3893	3969	4280	4331	4391	4598	4606	4809	4811	4897	5108	5148	5245	5261	5607	5697	5812	5852	6263	6441	6456	6504	6549	6873	7077	7150	7246	7341	7443	7458	7568	7578	8111	8381	8434	8657	8719	9574	9581	9695	9862	9923	10054	10383	10430	10888	10916	11476	11508	11595	11872	12127	12481
25	1.0	187	189	606	627	1074	1077	1138	1244	1264	1296	1479	1994	2382	2680	2698	2707	2708	2763	2802	2836	2927	3187	3214	3300	3338	3498	3530	3537	3860	3862	4084	4209	4217	4286	4299	4359	4583	4597	4659	4670	4716	4771	5083	5097	5459	5478	5568	5620	5623	5837	5844	5927	5934	6013	6214	6313	6558	6804	6874	7021	7120	7166	7419	7503	7514	7594	7635	7832	7984	8005	8100	8334	8554	8832	8847	8903	8961	8985	9344	9613	9718	9831	9916	9926	9949	10106	10157	10231	10366	10614	10779	10786	10810	11514	11557	11694	11752	11820	12011	12130	12155	12166	12285	12287	12328
26	1.0	47	147	242	745	768	1079	1549	1740	1955	2270	3615	4354	5257	5441	5565	5938	6462	6934	7343	7698	7780	7962	8139	8162	8191	8332	8415	8479	8543	8784	9185	9486	9710	9912	10570	10841	11150	11186	11556	11843	11882	12291	12321	12344	12495
27	1.0	6	64	650	1871	2037	2044	2056	2125	2296	2394	2682	2764	3208	3546	3730	4585	4971	5313	5378	5652	5930	6002	6122	6165	6245	6317	6555	7042	7117	7225	7245	7583	7639	7864	7947	8146	8252	8262	8306	8717	8808	8837	8932	8957	9358	9516	9617	9841	9864	9874	9924	10161	10189	10749	10751	10815	11065	11068	11250	11294	11609	11702	12052	12167	12461	12521
28	1.0	336	495	527	1161	1852	3432	3815	4563	5717	5753	5877	6188	6339	6455	6459	6825	6923	6957	7028	7163	7508	7510	7827	7931	8189	8217	8566	8771	9079	9618	9764	9976	10021	10178	10196	11351	12222	12539
29	1.0	674	805	911	2452	2694	3185	6769	8519	9103	11418
30	1.0	12	175	329	415	460	725	760	1614	2843	3245	3269	3374	3863	3868	4343	4358	4552	4686	4701	4859	5058	5151	5242	5690	5741	6027	6032	6494	7719	7733	7909	8881	9066	9676	9798	9872	9895	9908	10190	10714	11292	11463	11574
31	1.0	114	298	300	870	1044	1048	1436	1481	1767	1939	2429	2981	3174	3189	3447	3452	3709	3768	3812	4319	4490	4499	4633	4765	5094	5143	5185	5394	5417	5462	5609	5640	5845	5846	6068	6167	6232	6266	6292	6689	6709	6757	6759	6793	6920	6976	7243	7935	7952	8137	8232	8273	8335	8349	8564	8842	8894	9472	9638	9820	9828	10319	10462	10509	10722	10736	10737	10798	11105	11291	11844	11928	11965	11982	12090	12286	12347	12463	12575
32	1.0	676	689	1446	1689	2930	3005	3525	3691	3876	4171	4614	4634	4857	5268	5797	6091	6133	6690	6770	6771	7110	7751	8786	8905	9065	9223	9360	9430	10192	10260	11100	11107	11371	11511	11747	12140	12144	12239
33	1.0	3	129	232	572	888	935	1001	1104	1113	1213	1248	1267	1321	1330	1570	1635	1707	1761	2300	2326	2369	2414	2532	2692	3423	3497	3506	3600	3804	3846	3861	3980	3994	4170	4298	4394	4708	4735	5076	5139	5584	5716	5787	5991	6208	6442	6652	6669	6814	6899	6910	6938	7032	7050	7318	7346	7611	7905	8462	8640	8757	8838	8942	8975	9108	9203	9298	9400	9559	9625	9789	9837	9843	9904	10018	10051	10297	10487	10581	10880	11076	11134	11139	11253	11278	11445	11658	11823	11846	12087	12189	12306	12369	12400	12405	12475	12564	12587
34	1.0	228	1706	1921	2474	3367	3471	5004	5289	5505	5572	5733	5946	5982	6662	7148	8035	8041	8429	8812	9654	9773	10056	10092	10370	10375	10891	12203	12391
35	1.0	100	245	521	699	1455	1459	1676	1795	1952	1982	2080	2182	2336	2388	3844	4094	4928	5510	5731	5760	6383	6481	6795	6883	7037	7431	7748	7945	8340	8981	9024	9979	10588	11008	11035	11299	12264
36	1.0	364	368	478	1189	1536	2042	2208	2232	2384	2439	2911	3555	3692	4092	4104	4445	4977	5428	5449	5811	5833	6017	6155	6158	6185	6283	6304	6439	6879	7098	7498	7690	7858	8206	8248	8548	9006	9270	9348	9473	9686	9691	9925	9932	9993	10049	10153	10286	10299	10449	10550	10568	10887	11101	11127	11567	11638	11719	11726	12094	12292	12404	12462	12492
37	1.0	50	67	651	675	680	840	1840	2014	2092	2305	2521	2951	3239	3268	3651	4127	4163	4224	4368	4413	4497	4632	5399	5486	5588	5838	5913	5962	6279	6699	7009	7279	7359	7518	7560	7763	7793	8072	8474	8788	9112	9230	9261	9455	9459	9746	10228	10564	11132	11384	11421	11495	11550	11730
38	1.0	346	531	613	862	1268	1320	1425	1651	1768	1839	1891	1916	2085	2102	2247	2310	2500	3158	3448	3679	3828	4030	4218	4522	4570	5047	5120	5710	5750	6332	6396	6588	6674	6691	6777	7097	7133	7144	7234	7349	7354	7538	7643	7946	8175	8517	8635	8979	9100	9238	9287	9681	9795	9986	10076	10315	10387	11340	11545	12523
39	1.0	140	249	252	313	383	426	737	1382	1722	1869	1890	2302	2760	3325	3559	3805	4325	4582	4694	5041	5341	5569	5746	5757	5805	5849	5881	5942	6136	6204	6270	6384	7269	7930	8086	8370	8713	8730	8956	9069	9339	9387	9664	9998	10284	10295	10396	10567	10719	11307	11712	11859	12490	12507	12517	12534
40	1.0	125	687	811	1258	1328	1669	1686	1902	2065	2162	2194	2577	2670	2712	2741	2877	2913	3064	3311	3499	3941	4365	4377	4534	4609	4912	4969	5259	5334	5373	5516	5533	5657	5682	5747	5761	6375	6485	6530	7335	7627	7744	7848	8051	8157	8196	8555	9149	9180	9218	9411	9549	9556	9570	9605	9850	9995	10182	10263	10493	10656	10673	10729	10897	11047	11058	11362	11395	11399	11457	11762	11884	12088	12277	12514	12542
41	1.0	1087	1349	1497	1642	1705	2928	4478	5228	6681	6745	7460	7739	8433	10090	10562	11144
42	1.0	25	119	130	185	229	302	551	574	637	746	800	824	833	917	1038	1068	1166	1256	1747	1796	1813	1948	1950	1961	1987	2002	2279	2366	2456	2595	2620	2727	3118	3235	3326	3548	3578	3632	3690	3722	3748	3856	3986	4006	4229	4259	4380	4434	4526	4564	4617	4644	4647	4812	4824	4832	5069	5241	5250	5326	5379	5458	5523	5645	5772	5969	6028	6037	6064	6086	6209	6291	6405	6488	6513	6603	6619	6648	6717	6755	6785	7041	7180	7242	7414	7482	7637	7642	7663	7692	8007	8224	8236	8256	8457	8458	8689	8878	8909	9036	9092	9130	9163	9393	9414	9515	9655	9707	9823	9893	9939	10037	10089	10116	10389	10419	10460	10579	10622	10687	10768	11087	11113	11357	11446	11483	11608	11648	11704	11763	11799	12057	12071	12132	12152	12235	12281	12284	12310	12373	12378	12387	12441	12511
43	1.0	117	142	246	350	401	826	1367	1636	1951	2071	2406	2451	2558	2736	2932	3256	3603	3825	4054	4117	4410	4444	4646	4669	4953	5093	5104	5314	5380	5424	5483	5779	5955	6026	6113	6637	6792	6927	7111	7265	7272	7334	7387	7475	7608	7724	8464	8497	9115	9406	10177	10800	10941	11561	11821	11935	12278	12322	12535
44	1.0	52	103	126	310	419	922	960	1094	1100	1160	1179	1193	1249	1284	1426	1509	1637	1667	1713	1742	1763	1798	2057	2123	2131	2134	2171	2405	2491	2652	2695	2726	2731	2975	3162	3184	3244	3351	3416	3421	3518	3625	3898	3950	4022	4065	4114	4155	4174	4205	4221	4233	4383	4411	4446	4469	4491	4610	4683	4877	4916	4987	4988	5199	5212	5408	5422	5489	5638	5851	5885	5904	5933	5977	6036	6085	6100	6132	6147	6202	6260	6348	6511	6516	6552	6634	6776	6935	6965	6984	7000	7063	7122	7152	7188	7199	7233	7372	7427	7461	7629	7742	7791	7852	7875	7879	7960	8034	8118	8388	8393	8574	8617	8861	8921	9045	9183	9286	9452	9525	9526	9611	9830	9887	10061	10068	10083	10085	10143	10164	10233	10345	10428	10456	10457	10705	10863	10922	10983	11210	11233	11267	11312	11400	11422	11546	11920	11925	12006	12041	12061	12062	12216	12240	12251	12421
45	1.0	138	1508	2829	3266	4185	4289	4590	4799	5068	5412	6061	7263	7992	8376	9125	9132	10388	10392	10681	11163	12569
46	1.0	135	200	331	436	782	1322	1345	1369	1383	1395	1441	1530	1872	1881	2101	2197	2350	2364	2449	2649	2673	2696	2719	2798	3024	3238	3527	3643	3772	3789	3838	3975	4005	4043	4124	4191	4235	4291	4379	4603	4656	4706	4776	4804	5016	5218	5386	5429	6159	6194	6271	6331	6346	6369	6389	6470	6594	6653	6826	6895	7286	7332	7490	7595	7772	7939	8012	8102	8531	8971	9111	9141	9380	9591	9714	9734	9810	9907	10101	10136	10271	10450	10540	10893	10962	11036	11122	11230	11303	11323	11533	11758	11783	11938	12136	12336
47	1.0	390	579	743	901	1075	1099	1105	1170	1306	1774	1800	1870	2151	2291	2516	2553	2690	2766	2960	3048	3254	3366	3431	3988	4496	4637	4736	4888	4976	5038	5366	5538	6275	6335	6406	6655	6672	6754	7446	7792	7907	7975	8390	8437	8482	8620	8727	8819	9293	9340	9589	9757	10079	10123	10589	10662	10761	10835	11302	11534	11914	12019	12263	12288	12346	12438
48	1.0	54	101	161	315	560	608	646	726	839	976	1370	1401	1487	1515	1772	1912	1935	1989	2244	2476	2593	2643	2968	3116	3224	3292	3295	3400	3507	3579	3616	3617	3956	4335	4475	5073	5123	5194	5238	5266	5442	5468	5558	5586	5884	5916	5948	5996	6302	6618	6700	6916	7177	7206	7218	7252	7299	7402	7621	7764	7958	8514	8695	8933	9008	9010	9055	9070	9084	9168	9210	9362	9499	9603	9737	9879	10222	10350	10355	10362	10442	10506	10605	10619	10620	10753	10781	10874	10883	10963	11201	11218	11256	11359	11473	11505	11563	11681	11748	11836	11940	11946	12245	12468
49	1.0	20	219	333	491	561	706	910	958	1471	1494	1661	1943	2109	2376	2377	2490	2550	2587	2999	3363	3490	3553	3558	3611	3648	3701	3858	3922	4230	4643	4668	4908	5208	5255	5356	5582	5633	5696	5783	5796	6046	6303	6343	6366	6420	6571	6593	6688	6797	7016	7074	7672	7721	7883	8398	8465	9120	9213	9233	9258	9280	9564	9696	9726	9802	9953	10139	10156	10520	10585	10660	10724	10955	11063	11197	11260	11311	11405	11683	11755	11957	12213
50	1.0	21	37	105	367	455	728	913	1238	1290	1393	2012	2619	2739	3114	3573	3685	4719	5010	5100	5114	5431	5434	5776	5790	5957	6050	6169	6274	6553	6799	6830	6878	7164	7444	7572	7582	7601	7900	8234	8348	8552	8614	8974	9220	11430	11646
51	1.0	30	280	970	1029	1319	1357	1454	1553	1827	1832	1920	1983	2122	2152	2160	2166	2239	2424	2665	2856	2869	3253	3304	3408	3485	3495	3523	3614	3620	4120	4207	4775	4954	4960	4975	5175	5353	5563	5771	6097	6146	6192	6237	6268	6320	6548	6887	7104	7170	7185	7209	7221	7239	7586	7597	7926	8049	8069	8244	8263	8510	8512	8694	8994	9456	9550	9575	9670	9708	10033	10129	10575	10580	10914	11052	11093	11128	11180	11207	11406	11619	11826	11896	12026	12055	12196	12416
52	1.0	4	19	348	822	1110	1648	1964	2579	2582	2780	3023	3067	3362	3703	3933	4140	4351	4800	5023	5420	5707	6142	6483	6633	7007	7121	7289	7710	7746	8193	9076	9105	9477	9528	9532	10081	10354	10541	10600	10966	11435	12485	12497	12581
53	1.0	128	198	874	1699	1780	1931	1977	2542	3015	3666	3677	3702	3736	4154	4769	5118	5494	6955	7208	7260	7599	7607	8773	9341	9607	9801	10000	10004	10078	10990	11022	11358	11524	11708	12584
54	1.0	23	120	204	338	355	770	775	929	1352	1586	1996	2361	2674	2737	3501	3571	3590	3962	4165	4200	4328	4382	4625	5012	5089	5383	5421	5714	5874	5910	6098	6449	6692	6782	7657	8006	8270	8316	8752	9184	9489	9588	9666	9814	10050	10889	10974	11131	11740	11793	11905	11975	12001	12333
55	1.0	195	210	568	927	1532	2997	3043	3058	3148	3288	3932	4854	5135	5370	5536	5694	5870	6381	6474	6831	7018	7963	7974	8769	9061	9679	10720	11009	11329	11464	11477	11703	11981
56	1.0	36	77	150	357	538	573	669	673	712	748	772	794	855	962	978	1017	1034	1225	1276	1299	1397	1447	1599	1649	1823	1991	2004	2026	2043	2058	2220	2275	2283	2286	2360	2430	2462	2515	2655	2732	2837	2840	2879	2933	2969	3001	3088	3204	3271	3293	3324	3418	3542	3662	3672	3779	4071	4128	4132	4139	4198	4283	4458	4596	4693	4816	4870	4882	4885	4946	5031	5162	5233	5285	5415	5564	5634	5764	5909	6308	6322	6360	6507	6538	6620	6888	6919	6953	7255	7261	7521	7540	7717	7720	7837	7872	7913	8070	8071	8089	8097	8180	8281	8285	8469	8568	8595	8619	8633	8817	8953	9031	9043	9331	9427	9460	9479	9500	9571	9579	9630	9717	9867	9931	9975	10034	10047	10174	10181	10582	10692	10711	10927	11025	11181	11385	11553	11603	11685	11756	11869	11893	11971	11983	12076	12093	12142	12201	12290	12296	12318	12444	12552	12555
57	1.0	122	869	914	1477	1641	1883	2190	2686	3028	3520	3840	4028	4034	4357	4465	4605	4641	4963	5251	6469	6572	6837	7094	7124	7934	8330	8425	8435	8563	9365	9467	9777	9868	10121	10511	10556	11447	11543	11624	11976	12113	12247	12262
58	1.0	163	742	793	1211	1354	1368	1466	1537	1608	1613	1674	1986	2212	2340	2663	3027	3756	3907	4073	4181	4697	5048	5439	5460	6030	6362	6623	7390	7548	7750	8211	8278	8501	8787	8897	8995	9382	9484	10434	10774	10884	11343	11440	11448	11614	11700	11817	12102	12316
59	1.0	464	694	720	1035	1142	1291	1315	1558	1627	2097	2274	2658	2955	3193	3334	3384	3386	3444	3817	3897	4138	4743	4864	4903	4985	5683	5873	5967	6367	6592	6876	6987	7187	7474	7588	7773	7990	8658	8949	9081	9193	9205	9240	9485	9529	9716	9832	10238	10563	10830	10905	10934	11090	11228	11325	11411	11542	11720	11989	12115	12250	12393
60	1.0	335	643	719	732	781	829	837	1491	1630	1714	2165	2507	2734	2890	2929	3180	3747	3798	4169	4178	4214	4346	4551	4868	4893	4919	5156	5315	5597	6011	6083	6160	6222	6310	6756	6760	6838	6867	7138	7285	7493	7854	8099	8114	8170	8483	8503	8506	8521	8547	8605	8720	8811	9104	9305	9366	9371	9476	9495	9675	10381	10548	10763	10843	11149	11167	11419	11737	12138	12157	12520
61	1.0	293	308	431	516	564	662	739	778	847	860	898	899	1022	1131	1220	1262	1265	1273	1434	1468	1531	1561	1778	1789	1817	1855	1868	1877	2006	2046	2192	2240	2288	2346	2417	2616	2724	3078	3084	3139	3140	3399	3581	3739	3839	3990	4049	4056	4116	4122	4277	4386	4389	4489	4528	4548	4569	4778	4803	4807	4951	5063	5087	5256	5267	5311	5355	5384	5589	5755	6116	6129	6560	6600	6742	6942	7093	7202	7409	7491	7511	7624	7802	7822	7826	7851	7919	7943	8015	8022	8031	8116	8216	8287	8293	8319	8324	8586	8606	8681	8691	8780	8809	8829	8904	8935	8939	9145	9289	9426	9573	9660	9706	9719	9899	10197	10298	10336	10444	10510	10534	10624	10699	10851	10900	11129	11145	11146	11206	11232	11347	11472	11586	11841	11987	12146	12151	12156	12219	12320	12382
62	1.0	317	1229	2535	3016	4172	5262	6071	6341	6536	6926	8662	10793	11190	11851	11887
63	1.0	146	192	588	758	786	803	864	865	931	939	1198	1205	1337	1394	1430	1830	1968	2395	2716	2830	3022	3166	3353	3508	3526	3750	3823	3864	4462	4550	4653	4820	4896	5086	5290	5898	5918	5926	6001	6072	6092	6118	6223	6325	6326	6377	6448	6514	6860	7006	7775	7847	7869	8017	8292	8473	8578	8841	8844	8929	9157	9237	9285	9623	10448	10475	10879	10925	11221	11378	11782	11894	12078	12183	12471	12560
64	1.0	32	476	622	1056	1059	1188	1289	1376	1568	1646	2068	2136	2149	2398	2473	2526	2662	2689	2710	2713	2753	2769	3002	3129	3306	3494	3745	3953	4010	4045	4051	4077	4137	4244	4311	4333	4518	4678	4878	4886	5133	5300	5470	5708	5723	5763	5986	6125	6258	6373	6683	6724	7210	7219	7310	7788	7892	8042	8120	8571	8576	8693	8899	9004	9114	9211	9235	9266	9272	9335	9363	9563	9740	9749	9917	10071	10264	10289	10452	10455	10669	10802	10854	10989	11038	11170	11182	11429	11517	11601	11644	11645	11725	11736	11990	12126	12303	12312	12370	12451
65	1.0	124	157	303	485	1037	1469	1619	1786	2028	2502	2591	2615	3209	3410	3765	4266	4447	4589	4645	4675	5161	5226	5372	5401	5461	5842	6101	6196	6350	7059	7118	7545	7725	7925	8275	8294	8396	8768	8852	9029	9123	9207	9536	10204	10207	10666	10715	10998	11286	11410	11496	11522	11596	11967	12032
66	1.0	162	203	406	523	886	1102	1239	1547	1580	1670	1744	1908	2110	2121	2155	2341	2486	2609	3279	3937	3943	4587	5163	5511	5743	5748	5964	6000	6563	6587	6824	6954	7429	7564	7680	7795	7972	7998	8272	9160	10031	10399	10787	10944	12121	12195	12537
67	1.0	93	520	943	1514	1617	1769	1889	1970	2052	2142	2362	2509	2531	2675	2828	3034	3123	3173	3357	3454	3830	3842	3851	3905	4059	4096	4261	4384	4397	4930	5323	5463	5594	5614	5668	5895	6265	6353	6836	6960	7023	7232	7423	7442	7500	7557	7631	7697	7910	7976	8081	8239	8251	8401	8431	8560	8664	8830	8863	8940	8996	9097	9200	9578	9643	9796	9992	10072	10459	10638	10769	10829	10864	11039	11189	11513	11713	11868	12137	12212	12482
68	1.0	1402	1562	1859	3149	3216	3462	4167	4461	4527	5216	5850	5939	6372	6542	6891	7072	7193	7749	7789	7790	8816	8873	9256	10070	10822	10824	10919	11092	11459	11478	11590	11721	11899	12081	12410
69	1.0	684	761	1062	1165	1480	2005	2312	2392	2617	2635	3188	3230	3874	4098	4240	4268	4414	4509	4650	4891	4982	5044	5254	5629	5664	6079	6541	6908	6911	7654	7989	8389	8423	8674	8684	8733	8775	9022	9133	9330	10697	10857	11179	11259	11397	11907	12192	12380	12413	12508
70	1.0	467	486	645	791	820	1055	1263	1443	1473	1523	1790	1802	2084	2095	2096	2184	2601	2729	2897	2961	2982	3409	3487	3642	3820	4088	4273	4314	4624	4833	5105	5186	5330	5411	5479	5480	5524	5606	5618	5804	5879	5929	5932	5958	5989	6056	6076	6351	7426	7432	7874	8394	8883	9064	9173	9275	9419	9763	10111	10167	10401	10533	10652	10701	10728	11070	11396	12022	12289
71	1.0	45	268	278	823	1209	1247	1392	1518	2475	2701	2740	2958	3396	3556	3717	3849	4100	4258	4327	5237	5591	5990	6479	6581	6929	7281	7477	7567	8204	8711	8804	8970	8986	9005	9640	9698	9800	9847	10080	10169	10209	10270	11254	11306	11805	12340
72	1.0	95	337	412	482	518	736	741	744	1007	1298	1918	1988	2020	2062	2227	2488	2528	2693	2711	2797	2818	2834	2838	2944	3318	3577	3698	3738	4064	4108	4156	4294	4322	4814	4887	4991	5040	5225	5332	5407	5687	5770	5836	6031	6041	6138	6400	6423	7048	7076	7158	7201	7604	7661	7767	7932	8237	8282	8536	8679	8682	8705	8714	8750	8890	8963	9087	9222	9241	9454	9590	9656	9705	9787	9813	10035	10140	10188	10464	10478	10574	10695	10730	10788	10860	11032	11072	11097	11215	11379	11498	11732	11962	11980	12073	12221	12324	12407	12479
73	1.0	155	288	449	656	923	1064	1072	1221	1493	1516	1565	1600	1603	1604	1680	1954	2060	2226	2262	2420	2559	2742	2803	2912	3075	3270	3449	3476	3769	3785	4069	4085	4450	5019	5440	5956	6859	6921	8077	8261	9156	9317	9508	9608	9778	9863	10125	10482	10644	11642	11701
74	1.0	217	285	422	1163	1261	1272	1845	1880	2013	2400	2496	3009	3090	3340	3451	3532	3963	4639	4848	4994	5017	5065	5644	5871	6246	6550	6625	6627	6780	7407	8001	8018	8418	9011	9208	9231	9797	9941	10095	10267	10346	10539	10565	10760	10764	10973	10978	11262	11612
75	1.0	1046	1391	3071	3157	4307	5863	6708	6897	7666	8008	8212	8231	8551	9093	9178	10359	10496	10674	11114	11383	12092	12234	12529
76	1.0	261	750	808	1006	1784	1903	2295	2844	2858	3040	3684	3754	3927	3978	4058	4260	4432	4823	5243	6119	6242	6712	7151	7340	7488	7505	7551	7613	7977	8082	8109	8133	8621	8928	9169	9263	9425	9818	9956	10098	10743	11786	11984	12050	12054
77	1.0	39	79	169	199	423	700	765	809	1270	1475	1606	1638	1818	1958	2064	2418	2554	2625	2650	2730	2745	2850	2851	3070	3273	3426	3586	3713	3732	3859	3967	4255	4267	4479	4507	4600	5067	5138	5153	5172	5416	5454	5685	5860	6039	6181	6198	6299	6305	6376	6577	6658	6734	6779	6944	6978	7160	7565	7695	7766	7833	7956	8032	8168	8406	8813	8846	8870	8892	9162	9234	9243	9397	9483	9488	9604	10166	10576	10745	10773	10986	11010	11053	11057	11245	11276	11369	11602	11769	11814	11923	12099	12231	12236	12568
78	1.0	53	510	593	658	702	722	928	934	1210	1439	1506	1560	1633	1776	1897	2280	2374	2632	2759	2790	2934	3097	3192	3263	3467	3488	3563	3639	3836	3916	4269	4310	4419	4467	4546	4579	5051	5149	5159	5189	5274	5336	5402	5473	5522	5689	5705	6029	6127	6399	6430	6622	7357	7363	7385	7455	7471	7512	7552	7622	7625	7781	7786	7809	8014	8440	8450	8828	9201	9250	9265	9445	9513	9558	9584	9678	9723	10053	10234	10307	10372	10412	10514	10777	11020	11110	11327	11349	11391	11490	11699	11739	11772	12049	12173	12190	12198	12325	12338	12439	12487	12516	12579
79	1.0	341	446	795	964	1259	1277	1309	1341	1696	2091	2252	2438	2792	2973	2980	3333	3356	4306	4846	5080	5081	5276	5515	5888	6060	6521	6735	7001	7004	7388	7899	8288	8876	9616	9788	9806	10162	10427	10453	10516	10675	10939	10956	11202	11425	11439	11548	11662	12125
80	1.0	70	546	565	583	621	1335	1433	1529	1625	1666	1760	1900	2525	2572	2573	3232	3377	3673	3773	3909	3945	3954	4287	4381	4481	4567	4628	4907	4943	5608	5905	5951	6166	6966	8003	8247	8250	8496	8945	9319	9627	9658	9842	9870	9957	10417	10483	10532	10577	11013	11061	11296	11309	11774	12082	12164	12353
81	1.0	295	353	1004	1313	1414	1437	1550	1815	1873	2069	2445	2492	2634	2704	3296	3407	3762	4023	4443	4722	4996	5155	5227	5304	5310	5365	5388	5637	5704	5724	5788	6294	6382	6584	6586	6646	6668	6896	6937	6992	7040	7086	7092	7249	7331	7418	7648	7734	8026	8241	8267	8913	9576	9745	9857	10019	10203	10546	10691	10805	10832	10940	11209	11305	11488
82	1.0	342	425	614	979	1050	1216	1408	1626	1773	2285	2964	3172	3182	3289	3323	3580	3628	3802	3807	4075	4682	5008	5722	5914	5919	6084	6195	6239	6311	6388	6832	6857	7106	7204	7268	8541	8549	8835	8869	9110	9165	9712	10043	10353	10981	11023	11578	11627	11714	12004	12445
83	1.0	29	197	314	430	686	876	884	948	1545	1728	1752	2021	2159	2292	2407	2523	3038	3381	3458	3557	3803	3809	4231	4265	4453	4756	4772	4805	4927	4979	5324	5381	5892	6229	6958	7178	7198	7406	7620	7704	7894	8093	8108	8325	8352	9302	9481	9918	10214	10688	10881	11331	11510	11520	11647	11819	12003	12084
84	1.0	183	215	248	340	462	559	766	1757	1992	2412	2612	2647	3328	3343	3735	4401	4959	5375	5625	5670	5900	6042	6124	6183	6286	6490	6535	6610	6805	6833	7356	7815	7896	8801	8853	9284	9964	10519	11270	11877	12028	12145	12422	12470
85	1.0	75	196	238	243	363	432	777	801	827	906	1381	1793	1820	1896	2317	2431	2454	2468	2527	2717	2832	3301	3419	3457	3706	4063	4150	4680	4813	4895	4932	5085	5116	5166	5556	5571	5695	6199	6848	6997	7027	7295	7816	7887	8058	8061	8375	8507	8518	8600	8715	8798	9035	9067	9597	9610	10137	10347	10615	10679	10872	11067	11475	11598	11766	12002	12227	12229	12305	12574	12576
86	1.0	65	625	816	831	1013	1396	1658	1704	2214	2410	3541	3609	4159	4186	4399	4474	4480	5009	6309	6828	6852	6872	7137	7230	7298	7489	8392	8580	9038	9089	9276	9386	9669	10275	11372	11462	11979	12566
87	1.0	281	1018	1019	1281	1416	1933	2133	2322	2477	2683	3079	3385	3461	3655	3971	4194	4201	4222	4404	4616	4629	5347	5525	5592	5978	6296	6467	6534	6578	6702	7448	7951	8486	8530	8540	9720	10160	10254	10274	10602	10617	10735	10828	11082	11135	11336	11394	11449	11471	11733	12040	12427
88	1.0	1052	1571	1681	1936	3981	4090	4655	4810	6604	6638	6948	8697	9226	9905	11220	11594	12217	12257
89	1.0	463	474	517	701	1323	1677	1828	1892	2105	2329	2440	2810	2902	3453	3510	3554	4254	4470	4906	5115	5183	5944	6099	6461	6543	7107	7678	7860	7871	7986	8424	8627	9007	9404	9721	10195	10451	10634	10747	10958	11188	11404	11432	11734	12548
90	1.0	96	810	1237	1271	2030	2253	2478	2941	3329	3904	4440	4849	4934	5112	5547	5679	6545	7377	7533	7988	8404	8413	8583	9151	9804	9955	9980	10985	11042	11606
91	1.0	188	267	304	435	604	642	672	792	858	986	1016	1108	1180	1251	1440	1489	1664	1759	1850	1888	2114	2119	2261	2268	2342	2435	2493	2733	2749	3039	3196	3308	3345	3428	3770	3896	4215	4246	4262	4264	4437	4495	4520	4619	4829	4931	4952	5239	5319	5438	5498	5997	6139	6219	6808	7080	7096	7145	7304	7396	7451	7481	7532	7686	7778	8024	8025	8048	8515	8598	8839	9408	9453	9537	9632	9641	9644	9961	10016	10128	10322	10391	10413	10469	10503	10523	10703	10797	11016	11048	11143	11156	11169	11487	11906	11958	11977	12293	12549
92	1.0	236	269	296	318	499	528	612	698	724	752	754	994	1070	1279	1429	1634	2011	2358	2460	2506	2784	2998	3194	3277	3361	3392	3464	3601	3630	3869	4011	4083	4182	4611	4840	5095	5128	5154	5205	5263	5344	5349	5423	5425	5766	6126	6203	6212	6252	6334	6582	6591	6706	7024	7071	7175	7288	7355	7447	7828	7918	7942	7980	8176	8329	8333	8539	8739	8776	8959	9063	9116	9227	9255	9553	9673	9704	9945	10005	10014	10262	10342	10479	10557	10658	10693	10726	10772	10821	10921	10946	10952	11086	11109	11174	11243	11322	11460	11576	11955	11986	12352	12377
93	1.0	156	233	360	445	535	721	951	953	974	977	981	1511	1564	1927	2289	2365	2428	2508	2592	2800	2805	2974	3014	3127	3339	3700	3814	3855	4557	4591	4794	4876	4948	4964	5015	5043	5247	5578	5631	5786	6176	6281	6300	6306	6666	6925	7100	7258	7636	7729	8593	9167	9277	9301	9834	9911	9928	10436	10437	10505	10960	11001	11014	11095	11219	11295	11541	11966	12100	12159	12315	12518
94	1.0	145	186	332	716	735	999	1092	1956	2116	2188	2539	2765	2894	2977	3096	3141	3181	3267	3465	3576	3719	3749	3799	4020	4038	4087	4236	4484	4649	4698	4797	4834	4967	5173	5258	5376	5823	6044	6093	6120	6404	6818	6839	6947	6994	7045	7267	7315	7401	7421	7519	7641	7653	7814	8360	8466	8538	8737	8790	8916	8972	9056	9166	9619	9633	10212	10859	10979	11273	11506	11952	12007	12015	12033	12269	12337	12390	12452
95	1.0	570	1047	1115	1167	1233	1287	1362	1375	1794	2168	2409	2699	2893	3440	3638	3695	4355	4372	4780	5793	5853	5993	6282	6875	7278	7403	10104	10293	10340	10991	11073	11085	11089	11160	11252	11310	11669	11963	12339
96	1.0	90	131	141	158	205	212	213	222	240	251	312	377	457	488	512	545	648	664	710	727	740	755	798	818	894	965	968	1069	1117	1186	1292	1374	1388	1424	1462	1519	1575	1653	1687	1698	1748	1788	1825	1863	1905	1945	1949	1959	1973	2049	2055	2081	2154	2324	2331	2359	2367	2497	2585	2589	2646	2672	2718	2867	2874	2908	2924	2954	2965	2994	3010	3089	3122	3144	3155	3160	3210	3310	3336	3434	3442	3463	3479	3521	3587	3597	3602	3726	3727	3829	3843	3892	4007	4105	4143	4227	4252	4274	4284	4293	4313	4323	4356	4373	4433	4435	4464	4516	4691	4713	4729	4785	4853	5024	5027	5079	5092	5102	5137	5190	5195	5211	5413	5414	5517	5612	5654	5686	5713	5855	5920	5928	5950	5974	5987	6134	6248	6355	6357	6365	6378	6387	6401	6436	6551	6575	6640	6661	6868	6869	6930	6939	6945	7003	7036	7078	7095	7099	7116	7126	7131	7140	7156	7217	7236	7264	7282	7283	7297	7302	7337	7453	7480	7575	7589	7628	7675	7708	7712	7713	7738	7747	7756	7765	7818	7825	7902	7936	7969	8010	8065	8131	8161	8358	8373	8402	8407	8420	8444	8562	8634	8661	8703	8712	8864	8887	8930	8987	9012	9039	9050	9080	9186	9189	9204	9219	9252	9268	9356	9379	9388	9395	9415	9422	9443	9463	9464	9546	9560	9566	9595	9659	9694	9770	9827	9848	9858	9860	9902	9972	10026	10073	10082	10221	10255	10291	10480	10522	10592	10601	10613	10628	10657	10712	10759	10765	10789	10801	10818	10852	10861	11062	11094	11112	11185	11235	11269	11374	11390	11431	11433	11454	11481	11489	11549	11560	11664	11672	11710	11731	11743	11745	11803	11838	11854	11888	11934	12012	12105	12123	12185	12199	12297	12364	12366	12408	12434	12491
97	1.0	38	80	319	569	806	987	1339	1344	1385	1406	1624	2039	2115	2153	2306	2333	2510	2786	3062	3284	3460	3477	3583	3650	3940	3999	4817	5751	5959	6251	6323	6725	6729	6775	6822	7161	7573	7901	8159	8524	8534	8544	8672	8758	8977	9095	9194	9273	9337	9391	9626	9855	9898	9943	10009	10100	10127	10306	10590	10627	10971	11140	11326	11779	12110	12254	12459
98	1.0	592	667	919	990	1358	1450	1456	1585	1779	2001	2446	2557	2671	3105	3111	3303	3483	3595	3598	3633	4035	4263	4340	4405	4731	5307	5532	5619	5660	5798	5830	5880	5960	5966	6191	6728	6783	6871	7002	7412	7615	7805	7859	8467	8648	9353	9418	9684	9852	10253	10433	11091	11115	11978	12063	12272	12509
99	1.0	69	179	381	537	540	856	1098	1371	2183	2221	2408	2774	2909	3035	3420	3516	3564	3680	3714	3998	4421	4658	4850	4962	5007	5171	5406	5448	5561	6035	6090	6276	6630	6656	6716	7569	7889	7923	8123	8135	8192	8245	8269	8383	8525	8613	8732	8973	9098	9325	9375	9399	9416	9498	9768	9776	9973	10205	10653	11157	11535	11592	12228	12255
100	1.0	168	201	275	397	471	534	548	866	956	959	1157	1285	1652	2048	2172	2278	2332	2747	2992	3045	3223	3674	4093	4320	4788	4880	5180	5281	5345	5604	5737	5768	5882	5937	6153	6443	6752	6928	6950	7352	7413	7614	7669	7693	8068	8280	8441	8577	8744	8906	8965	9209	9389	9478	9593	9977	10065	10074	10591	10672	10733	11119	11529	11696	11729	11871	11892	12334
101	1.0	580	930	2027	2321	3098	3177	3459	3819	3889	6585	7091	7644	8624	8630	9059	9088	9161	10527	10950	11559	11953
102	1.0	16	91	247	812	993	1039	1348	2157	2433	2956	3891	3972	4190	4282	4843	4898	5107	5342	5361	5485	6051	6065	6707	7015	7142	7673	7703	7794	8060	8150	8628	8833	9311	9367	9882	10422	10865	10908	11633	11682	11956	11996	12135	12423
103	1.0	73	88	696	751	1008	1137	1283	1632	1822	2413	2421	3369	3824	4067	4173	4232	4341	4990	5059	5141	5807	6075	6979	7055	7227	7469	7779	8055	8148	8341	8451	8592	8858	8900	8937	8988	9759	9934	10791	11118	11757	11911	12172	12394	12458
104	1.0	0	276	453	554	584	624	1067	1274	1569	1787	2035	2050	2173	2720	2903	3183	3275	3446	3645	3841	3878	4029	4211	4471	4584	4715	4727	4790	5466	5474	5862	5949	5995	6104	6149	6178	6660	6894	6986	7020	7073	7256	7317	7394	7479	7494	7674	7754	7949	7999	8033	8064	8442	8753	8950	9140	9148	9195	9225	9281	9345	9586	9751	10001	10045	10064	10159	10301	10328	10374	10418	10530	10553	10935	11034	11071	11177	11342	11673	11754	11870	12014	12204	12372
105	1.0	191	616	639	942	1051	1080	1125	1960	2245	2338	2586	2600	2705	2949	3154	3853	3920	4136	4302	4438	4792	5188	5803	6112	6482	7240	8207	8553	8632	8749	8755	8756	9303	9322	9540	10022	10184	10731	10784	10792	11298	11551	12388	12513	12573
106	1.0	85	137	166	324	361	492	494	513	763	1084	1324	1602	1904	1919	1946	2066	2448	2571	2603	2604	2667	2669	2781	3046	3131	3359	3763	3888	3996	4315	4910	5056	5064	5270	5537	5544	5566	5701	5800	5817	5889	5908	6394	6518	6524	6631	6719	6796	6884	7114	7171	7558	8000	8037	8083	8195	8745	9003	9058	9179	9199	9278	9313	9628	9637	9836	10103	10163	10352	10363	10633	10690	10913	11176	11204	11280	11413	11610	12035	12095	12098	12435	12446
107	1.0	14	347	506	619	697	1120	1415	1573	1579	1616	1691	1754	2015	2047	2242	2540	2833	2926	2939	3036	3163	3610	3755	3759	3854	3985	4106	4193	4292	4436	4648	4856	5184	5426	5446	5499	6330	6544	6749	6750	6893	7229	7921	8075	8160	8432	8669	8680	9342	9376	10126	10608	10680	10870	10885	10906	11045	11108	11142	11285	11408	11444	11515	11597	11643	11653	11912	11927	12186
108	1.0	152	2752	2885	3248	3924	4001	4752	5891	6207	6307	6624	8167	8480	8772	9545	10210	12024
109	1.0	104	480	936	1112	1423	1552	1743	1914	2561	2576	2848	3456	3513	4392	4922	5055	5096	5354	5813	5815	5953	6531	7486	7691	7743	7922	8020	9015	9144	9730	10055	10124	10258	10281	10465	10942	11880	12419
110	1.0	61	265	416	529	773	1061	1534	2038	2075	2117	2281	2378	2479	2580	3370	3438	3743	3848	4014	4021	4398	4530	4638	4815	5325	5792	6168	6170	6971	7103	7108	8043	8414	8607	8696	8951	9413	9439	10395	10694	10742	11328	11389	11532	11829	12096	12341	12448
111	1.0	305	437	644	1305	1364	1384	1495	1496	1540	2396	2606	3142	3760	3884	3912	4013	4160	4915	4968	5203	5362	5371	5627	5759	5782	5883	6094	6141	6347	6596	7244	7425	7463	7706	7741	7888	8147	8405	8427	8529	8649	8656	8824	8936	9320	9539	9935	10840	10948	11246	11265	11313	11388	11427	11865	12108	12417
112	1.0	316	374	421	459	504	571	586	703	756	900	1158	1808	1972	2023	2086	2145	2249	2272	2370	2459	2624	2898	2937	2963	3030	3569	3627	4388	4521	4540	4543	4631	4818	4956	5117	5346	5706	5886	6087	6458	6569	6705	6817	6864	7207	7526	7761	7821	8110	8143	8485	8570	8701	8849	9062	9187	9437	9533	9602	9725	9844	9909	10044	10426	10499	10535	10583	10587	10778	11367	11377	11414	11628	11818	11840	11936	12058	12074	12424
113	1.0	56	221	427	589	649	709	853	883	946	1107	1183	1327	1404	1448	1543	1597	1609	1979	1993	2003	2273	2290	2480	2608	2880	2916	3178	3514	3640	3782	3791	3918	4015	4342	4424	4911	4914	5224	5447	5500	5526	5740	5774	5935	6473	6628	6900	6970	7248	7325	7370	7430	7522	7544	7723	8152	8304	8443	8490	9242	9352	9364	9436	9446	9474	9491	9535	9582	9649	9687	9755	9811	9875	10348	10405	10696	10904	10928	11056	11060	11261	11271	11456	11861	12162	12395	12406
114	1.0	149	595	834	867	980	1252	1311	1361	1576	1693	1736	1792	1965	2018	2205	2363	2677	2748	2831	3000	3167	3389	3439	3584	4089	4119	4149	4212	4602	4831	4845	4852	5071	5343	5785	5826	5864	5866	6045	6205	6386	6789	6801	6843	6866	7084	7090	7141	7162	7296	7368	7483	7705	7944	8095	8303	8569	8751	8826	9129	9378	9565	9587	9809	9881	9966	10028	10052	10175	10240	10247	10411	10491	10542	10668	10977	10982	11155	11300	11365	11380	11407	11572	11655	11724	11751	11834	12030	12143	12551	12565
115	1.0	31	164	286	291	414	652	665	681	723	845	850	938	1177	1336	1346	1592	2819	3074	3512	3607	3623	3664	3973	4008	4141	4176	4195	4203	4213	4239	4256	4305	4533	4721	4929	5091	5187	5236	5391	5827	5875	5924	6053	6162	6227	6235	6374	6471	6583	6810	6943	7069	7119	7250	7495	7499	7714	8130	8171	8254	8409	8723	8741	8763	8818	8831	8966	9021	9171	9487	9519	9522	9886	9944	10107	10158	10226	10320	10408	10544	10721	11074	11200	11203	11352	11401	11452	11569	11827	12342	12502	12504	12562
116	1.0	393	799	897	991	1024	1154	1275	1312	1432	1596	1934	1998	2031	2754	2758	2868	3417	3582	4048	4074	4148	4219	4247	4352	4486	4626	4802	5275	5540	5546	5789	6140	6425	6510	6599	6784	6904	7189	7196	7216	7386	7677	7722	8188	8257	8259	8346	8687	8789	8901	8910	9033	9135	9523	9700	10471	10521	11240	11697	11811	12043	12107	12175	12398
117	1.0	344	998	1126	1566	1567	1930	3215	3355	3394	3470	3728	3775	4378	4599	4844	5169	5711	6298	6314	6739	7600	7810	7950	7994	8650	9001	9503	9752	10171	11172	11183	11199	11889	12307
118	1.0	57	813	1528	1584	1797	2948	3054	3974	4271	4468	4572	5579	9672	9754	9988	11849	12056	12065	12158	12261
119	1.0	244	695	924	1227	1449	1876	2327	3073	3480	3944	4183	4337	4338	4494	4667	4703	4749	4933	5072	5622	5841	6267	6297	6685	6863	6964	7169	7534	8700	9548	9620	9688	9805	10135	10414	10595	10636	11848	11917	11997	12114	12311
120	1.0	11	279	395	443	505	688	907	937	1010	1071	1128	1135	1185	1378	1542	1660	1848	1878	1917	2499	2735	2864	2985	3319	3346	3562	3574	3710	3724	3731	3906	3977	4238	4673	4733	4842	5214	5303	5915	6021	6179	6231	6977	6995	7376	7846	7898	8165	8201	8366	8618	8926	8934	9139	9181	9232	9249	9324	9396	9520	9568	9922	9946	10380	10770	10780	10795	10984	11126	11133	11538	11801	11837	11926	11944	12053	12531
121	1.0	42	160	292	327	610	638	704	828	982	1118	1130	1431	1482	1750	1791	2176	2186	2567	2788	2962	2966	3041	3169	3264	3741	3753	3852	4111	4452	4454	4485	4539	5110	5145	5158	5283	5382	5587	5799	5912	5965	6318	6410	6412	6924	7562	7618	7707	7842	7916	8321	8339	9028	9091	9259	9269	9465	9758	9782	10358	10461	10676	10785	10869	11187	11428	11451	11760	11795	11991	12037
122	1.0	1032	2007	2299	3213	3890	4575	5820	5821	5859	5899	6012	6532	6665	6880	7873	7884	8115	9124	9381	9914	11420	11749	12008	12051	12384
123	1.0	92	190	654	730	1153	1486	1505	1590	1764	2111	2195	2534	2676	2767	3136	3145	3152	3159	3429	3872	3993	4086	4505	4661	4902	4937	4945	5144	5318	5465	5491	5617	5671	6491	6539	6589	6645	6761	7012	7062	7079	7173	7400	7441	7593	7716	7838	7937	7997	8046	8136	8154	8740	8855	9052	9466	9849	9894	9996	10084	10504	10623	10850	11166	11194	12023	12109	12499
124	1.0	177	255	258	635	835	1235	1644	1678	2501	2722	2768	3115	3313	3486	3725	3961	4110	4133	4396	4487	4536	4663	5730	6059	6236	6881	7345	7379	7506	7535	7633	7715	7835	7959	8314	8328	8347	8422	8810	8958	9296	9728	9933	10010	10364	10423	10432	10524	10603	10682	11862	11881	11969
125	1.0	132	351	365	479	481	507	641	1091	1123	1133	1194	1250	1325	1398	1695	2294	2319	2328	2611	2630	2653	2657	2809	2904	3150	3265	3283	3388	3675	4228	4502	4604	4692	4744	4759	5147	5656	5742	6172	6218	6601	6847	6912	6967	7031	7167	7433	7616	7769	7882	8155	8302	8546	8559	8629	8708	8993	9475	9732	9750	10075	10131	10446	10898	11512	11591	11778	12161	12205	12431	12472
126	1.0	339	376	629	747	1212	1445	1502	1640	1727	2067	2357	2641	3156	3299	4367	4796	5595	5605	5992	6508	6590	6659	6827	6892	8891	9938	10110	10230	10566	11875	11922	12177	12260	12469
127	1.0	144	151	707	767	1844	1932	2032	2217	2464	2820	3047	3250	4618	4662	4961	5348	5681	6354	6422	6496	6736	7155	8164	8238	8850	9109	9835	10329	10894	11077	11178	11469	12399
128	1.0	241	514	550	618	785	1444	1488	1645	1668	1694	1741	2156	2233	2235	2524	2640	3076	3094	3658	3951	4055	4304	4339	4681	5046	5734	5867	6111	6454	6464	6480	6675	6733	6738	7049	7127	7497	7550	7682	7732	7940	8223	8286	8428	8654	8799	8898	9839	10096	10122	10610	10626	10943	11153	11234	11791	11839	11891	12079	12274	12418
129	1.0	277	290	294	433	653	932	945	1095	1145	1187	1206	1310	1753	1981	2040	2320	2565	2738	2746	2795	2914	2971	3049	3171	3349	3496	3536	3659	3952	3979	4037	4080	4204	4361	4751	4758	4837	5488	5715	5754	5809	5894	6007	6058	6069	6200	6259	6333	6393	6605	6613	6682	6731	6918	7043	7527	7638	7668	7824	8145	8284	8371	8426	8453	8476	8495	8526	8597	8653	8666	8779	8836	8845	8952	9047	9154	9327	9336	9346	9409	9541	9585	9677	9682	9709	9815	9865	9883	10023	10145	10183	10242	10489	10907	10929	10945	10995	11069	11078	11334	11344	11402	11426	11527	11649	11690	11709	11909	11961	11972	12476
130	1.0	182	263	498	620	713	1063	1082	1106	1360	1410	1417	1538	1623	1709	1801	1910	1975	2401	2824	2882	3013	3151	3307	3348	3796	4009	4544	5217	5280	5700	5767	6177	6419	6438	6444	6561	6693	6819	7005	7266	7353	7382	7428	7897	7964	8078	8079	8313	8317	8460	8644	8893	8946	9049	9121	9372	9433	9735	9901	10219	10272	10292	10572	10604	10738	10846	11229	11341	11465	11501	11573	11580	11806	11812	11857	11873	11876	12077	12354	12375	12553
131	1.0	111	630	1027	1442	1898	2304	2862	2884	4793	5272	6642	6800	7011	7292	7556	8461	10877	11650	12498
132	1.0	679	908	918	1329	1937	2529	3108	3280	3341	3503	3931	4210	4223	4905	4925	5106	5219	5392	5518	5861	5985	6074	6546	6698	6727	6846	6974	7470	7549	8013	8210	8368	8452	8802	8840	8954	9099	9217	9374	9600	9921	10371	10467	10538	11184	11852	12252
133	1.0	208	598	843	940	1412	1539	2130	2335	2442	2596	2757	3493	3622	3795	4739	5661	5745	5972	5984	6082	6173	7237	7323	7771	8027	8174	8447	8641	8947	9318	9999	10344	10827	10853	10976	11361	11482	11716	12020
134	1.0	921	963	1066	1089	1181	1260	1413	1501	1655	1809	1860	2144	2163	2260	2444	2547	3093	3132	3200	3482	3489	3683	3894	3976	4061	4095	4245	4248	4285	4408	4728	5001	5234	5476	5531	5976	6264	6515	7112	7694	7938	7941	7996	8374	8408	8572	8612	8791	9997	10013	10146	10149	10618	10677	10766	11659	11689	11830	12374
135	1.0	98	154	301	411	607	877	878	988	997	1119	1380	1647	1718	1843	2196	2206	2237	2264	2266	2269	2381	2423	2563	2822	2984	3404	3415	3515	3519	3780	4375	4757	4773	4777	4835	4936	5028	5049	5150	5286	5567	5583	5672	5718	5961	6003	6557	6573	6595	6606	6829	6913	7174	7220	7275	7367	7404	7752	7880	8063	8153	8233	8416	8493	8542	8591	8631	8667	8734	9172	9300	9304	9567	9856	9960	10062	10312	10368	10631	10902	10964	10999	11040	11051	11168	11333	11531	11604	11742	11794	11813	12170	12246	12270	12371	12426	12440
136	1.0	784	1097	1452	2426	2546	2668	2906	2957	3050	3128	3315	3393	3721	3966	4115	4243	4577	4950	5176	5277	5999	7384	7634	7655	7736	9016	9930	10206	10237	10961	11293	11621	11948	12256	12275
137	1.0	250	405	458	788	889	1020	1031	1465	1517	1734	1826	1923	2098	2132	2147	2178	2347	2397	2536	2659	2776	2794	2801	2804	2947	2972	3133	3605	3647	3667	3740	3923	4027	4180	4208	4393	4402	4472	4685	5124	5299	5316	5364	5387	5400	5502	5610	5801	6016	6131	6228	6329	6356	6432	6487	6501	6687	6767	6898	6975	7344	7347	7362	7559	7699	7912	8084	8718	8796	8907	9002	9216	9246	9766	10303	10326	10490	10545	10559	10569	10571	10593	10659	10970	11175	11722	12064	12200	12301	12473	12558
138	1.0	194	418	661	807	1162	1356	1389	1940	2143	2258	2778	4412	4492	4784	4828	5666	5736	5901	6247	6253	6722	6972	7270	7876	10179	10918	11017	11227
139	1.0	112	264	273	330	371	404	533	563	817	875	920	941	1028	1030	1350	1421	1476	1615	1816	1984	2016	2103	2129	2158	2303	2323	2390	2484	2796	2799	3137	3395	3538	3665	3682	3758	3958	4385	4417	4503	4549	4782	4973	5210	5260	5350	5367	5570	5749	5756	6034	6117	6211	6371	6403	6413	6478	6498	6673	6697	6746	6877	7025	7087	7439	7485	7546	7646	7660	7820	8104	8197	8202	8310	8489	8491	8556	8579	8747	8760	8794	8912	8960	9102	9260	9291	9306	9509	9985	10091	10373	10599	10734	10796	10812	10930	11027	11151	11205	11381	11494	11565	11635	11676	11738	11908	12129	12197	12365	12486	12515
140	1.0	757	1043	1231	1405	1803	1861	2164	2443	2853	3229	3533	3550	3757	4403	4762	4862	4866	4957	5101	5269	5635	5947	6216	6408	6457	7398	7561	7890	7978	8092	8229	8382	8588	9279	10148	10379	10403	10648	11212	12282
141	1.0	385	718	1002	1679	1821	1928	2041	2702	2728	2825	2876	2946	3004	3405	3568	3649	4347	4531	5098	5398	5621	5684	6398	6431	6466	6497	6902	7903	7955	8289	8545	8651	9403	9420	9775	10217	10308	10311	10954	11171	11455	11584	11825	12044	12122	12194	12567
142	1.0	407	420	578	790	802	1042	1582	2112	2231	2271	2891	3696	4423	4586	4676	4783	4984	5482	5719	5721	5758	6033	6402	6492	6502	6520	6747	7046	7336	7373	7839	7948	8336	8384	8806	8843	9176	9554	9920	10224	10276	10361	10819	10833	11104	11152	11247	11562	11564	11890	12047	12586
143	1.0	102	254	386	623	1009	1023	1134	2087	2309	2432	2584	2813	3637	3766	3783	4422	4664	4738	4761	5196	5295	5643	6114	6522	6676	7125	7205	7238	7293	7524	7612	7681	8179	8215	8436	8533	8690	8766	9245	9438	9493	9562	9963	10141	10245	10443	10484	10762	11239	11450	11544	11641	11924	11970	11985	12193	12210	12447
144	1.0	176	234	944	1338	1403	2399	2427	2511	2860	2942	2987	3012	3055	3072	3130	3344	3588	3668	4510	4594	4651	4704	5006	5035	5174	5443	5848	5983	6073	6201	6240	6597	6713	6778	6854	6969	7287	7330	8002	8138	8221	8557	9101	9469	9838	9942	10029	10211	10341	10445	10630	10752	10988	11123	11599	11660	11787	12329
145	1.0	33	447	655	1190	1269	1544	1618	1746	2241	2651	2723	2771	2841	2866	3032	3103	3190	3371	3387	3636	3694	4125	4317	4329	5033	5062	5082	5090	5099	5167	5312	5409	5552	5720	6273	6435	6644	6951	6985	7067	7102	7328	7435	7438	7450	7478	7580	7610	7626	7652	7709	8125	8173	8225	8399	8660	8886	8983	9170	9343	9385	9412	9451	9497	9615	9742	9774	9792	10349	10526	10598	10992	11075	11116	11216	11217	11668
146	1.0	890	3413	6421	6940	7753	7953	8803	9085
147	1.0	270	469	497	714	825	852	949	1756	2076	2090	2181	2787	3678	4123	4369	4371	4407	4556	4992	5971	6680	6726	6758	6844	7147	7203	7290	7665	8318	8990	9118	9138	9919	10025	10250	10698	10858	10895	11099	11255	11547	11622	11684	11867	12220	12456	12528
148	1.0	373	398	519	558	626	851	1841	2887	2983	2991	3309	3317	3450	3491	3712	3774	3948	4076	4312	4873	5296	6379	6493	7584	7735	7967	8023	8364	8494	9054	9077	9119	9502	10273	10290	10416	10685	10757	10873	10938	11208	11288	11479	11616	11789	11809	11855	11964	12075	12225	12309	12474
149	1.0	26	503	1911	2415	2871	2996	3372	3505	3511	3983	4463	4515	5673	6088	6790	7464	7473	8053	8361	8896	9143	9449	9947	9983	10855	11251	11339	11552	11632	11761	11767	12385	12430	12503	12544
150	1.0	844	1228	1379	1512	1639	1751	2088	2517	2793	3242	3294	3424	3669	3797	4175	4781	4786	4892	6070	7143	7241	7436	7870	7886	7915	8200	8308	8663	9470	9580	9753	9793	10384	10402	10441	10882	10912	11458	11853
151	1.0	1924	2750	5390	5396	6175	6671	8309	9236	9247	9722	9915	10429	10517	11081	11832	12202	12386	12583
152	1.0	41	133	184	223	257	599	905	925	1132	1152	1219	1242	1355	1359	1589	1593	1708	2051	2189	3033	3278	3305	3335	3352	3472	3567	3657	4057	4142	4677	4720	4737	4766	4839	4881	5103	5501	5575	5781	5906	5980	6063	6128	6180	6340	6684	6845	7190	7324	7445	7571	7585	8369	9037	9040	9323	9468	9482	9517	9786	9846	10105	10194	10201	10241	10256	10377	10597	10612	10776	10803	10817	10911	10926	11360	11453	11528	11951	11999	12025	12070	12206	12546
153	1.0	109	172	239	380	466	511	909	950	1088	1129	1224	1308	1556	1577	1650	1901	1906	2008	2660	2755	3596	4157	4196	4330	4476	4498	4573	4620	4635	4904	5119	5178	5200	5248	5291	5298	5418	5810	6015	6108	6217	6321	6744	6855	6973	6983	7064	7082	7181	7592	7759	8142	8198	8295	8299	8331	8610	8925	9190	9312	9690	9871	9878	10038	10118	10337	10360	10536	10561	10702	10723	11148	11297	11330	11393	11412	11492	11785	12207	12232	12326	12361
154	1.0	55	214	253	403	409	456	729	846	904	967	1101	1124	1533	1595	1631	1857	1947	2034	2073	2139	2219	2545	2599	2628	2852	3092	3544	3592	3604	3608	3790	3989	4016	4164	4395	4427	4613	4825	4997	5077	5152	5282	5680	6130	6293	6380	6411	6468	6774	7333	7452	7581	7656	7807	8050	8338	8351	8353	8362	8430	8590	8722	8882	8978	9212	9424	9507	9614	9880	9927	10756	10856	10909	10967	11248	11441	11468	11558	11904	12265	12319	12362	12467
155	1.0	63	167	345	349	484	547	717	815	1141	1200	1293	1366	1386	1824	1944	1953	2126	2148	2541	2548	2681	3119	3134	3176	3211	3368	3914	4112	4451	4875	4970	4978	5014	5052	5221	5395	5512	5535	5667	5727	5940	5943	6344	6368	6781	6823	7081	7537	7617	7649	7689	8169	8355	8477	8797	8962	9000	9152	9175	9347	9577	9971	10024	10087	10165	10244	10309	10357	10458	10518	10549	10635	10917	11019	11021	11050	11088	11268	11484	11636	11885	11897	11932	12165	12358	12360
156	1.0	113	678	1453	1842	2204	2254	2355	2422	2518	2678	3065	3201	3430	3767	3882	4118	4270	4562	4666	4689	5284	5309	5405	5931	6048	6244	7391	7424	7492	7543	7687	7834	8190	8320	8372	8902	9174	9191	9784	9937	10176	10647	11011	11043	11164	11225	11368	11780	11863	12415	12449	12524
157	1.0	106	668	1026	1215	1419	1535	1548	1671	1811	2807	2896	3233	3330	3390	3502	3585	3929	3934	4197	4554	4718	4755	4826	4940	5042	5111	5574	5630	6022	6409	6414	6566	6650	6670	6815	6931	6959	7014	7053	7054	7085	7702	8021	8326	8454	8582	8639	8716	8889	9253	9267	9334	9671	9702	9729	9892	10109	10155	10502	10811	11363	11516	11776	11788	12117	12215
158	1.0	1835	5521	10017	10531
159	1.0	193	582	585	1184	1343	1782	2213	2337	2570	2883	3219	3241	3347	4568	4636	4712	4965	5160	5484	5548	6256	6349	6617	7231	8091	8158	8736	8814	9041	9078	9572	10059	10651	10716	10901	10947	11138	11315	11382	11504	11717	11790	11860	12013	12527
160	1.0	143	555	880	1874	3037	3589	4578	4860	5025	5252	5321	5331	6047	6174	6316	6486	7284	7472	7515	8274	9046	9462	10667	10808	11066	11198	12086	12381
161	1.0	66	502	715	776	992	1054	1427	1474	1601	1703	1866	1884	2108	2225	2243	2318	2330	2564	2597	2666	2777	2970	3026	3069	3179	3225	3262	3297	3455	3551	3572	3591	3631	3879	3887	3910	3959	4019	4166	4199	4615	4724	4884	4980	4989	4993	5157	5253	5338	5628	5653	5669	5712	5735	5780	5890	5921	6067	6081	6095	6157	6182	6272	6647	6762	6858	6933	7123	7294	7456	7484	7517	7528	7596	7784	7813	7979	8028	8537	8561	8623	8671	8702	8764	9014	9057	9315	9501	9542	9756	9829	10002	10287	10637	10725	10790	10813	10849	11136	11173	11195	11213	11249	11337	11537	11615	11631	11637	11895	11919	12116	12253	12355	12409	12432	12457	12480	12538	12541
162	1.0	762	947	1127	1399	1492	1504	1554	1682	2010	2373	3086	3259	3663	3708	3919	4031	4409	4574	4740	5075	5207	5265	5297	5816	5970	6008	6262	6390	7026	7153	7361	7383	7393	7776	7856	8312	8738	9177	9512	9736	9767	9826	10015	10039	10202	11318	11593	11822	11858	12111	12299	12453	12556
163	1.0	49	94	136	148	490	500	525	868	912	1014	1040	1288	1720	1957	2093	2495	2514	2552	2910	3186	3376	3522	3534	3619	3982	4052	4103	4158	4324	4742	4955	4995	5018	5022	5215	5359	5549	5555	5659	5822	5911	6115	6465	6999	7417	7957	8011	8016	8166	8213	8471	8475	8528	8707	8777	8822	8854	8938	8980	9202	9405	9496	9518	9596	9743	9840	10067	10327	10515	10525	10586	10842	11002	11055	11277	11680	11718	11929	11973	12085	12097	12396	12429
164	1.0	121	299	628	1300	1882	4121	4146	4321	4621	5340	5615	5829	6055	6187	6290	6667	7224	7395	7718	8625	8805	8859	8867	9042	9514	9854	9969	9991	10481	11026	11244	11443	11588	11792	11824	12038	12106
165	1.0	522	590	1422	1451	1557	2207	3321	3744	3886	3921	4102	5649	6024	6143	6416	6476	6657	6787	6903	7070	7088	7468	7496	7701	7865	8638	8767	8807	9068	9646	10086	10646	10767	10933	10994	11263	11500	11523	11626	11974	12494
166	1.0	40	139	282	352	370	372	413	683	881	916	1150	1365	1926	1929	1941	2022	2372	2489	2533	2543	2679	2714	2756	2808	3402	3644	3947	3955	4145	4332	4336	4711	4714	5181	5197	5223	5273	5339	5559	6103	6295	6392	6434	6437	6886	6905	6906	6914	7226	7314	7316	7410	7416	7727	7853	7895	8036	8492	8865	9214	9288	9350	9361	9624	9697	9762	9769	10094	10144	10356	10386	10397	10665	10844	11000	11355	11375	11499	11651	11903	12034	12068	12242	12349	12425	12501
167	1.0	22	424	1151	1174	2664	3970	4428	4822	5034	5397	7132	7303	7440	7520	8721	8742	9071	9248	9662	10440	11470	11474	11568	11901	12191	12304	12543
168	1.0	260	1003	1302	1503	1922	2953	3818	4488	4627	5624	5662	6057	6391	7339	8242	9254	10115	11759	11874
169	1.0	957	1605	1612	2100	3025	3298	3445	3902	4097	4192	4251	4671	4999	5132	5293	5308	5464	5541	5580	5639	5762	5769	6190	6221	6277	7212	7311	7619	7659	7893	8149	8710	9290	9295	9461	9622	9989	10133	10134	10223	10382	10654	10683	10975	11018	11319	11536	11581	11677	12010	12124	12237	12241	12465
170	1.0	134	556	705	2461	3175	3991	4272	5557	5952	6163	6364	6428	7044	7176	7803	7823	8315	8575	9807	10385	10704	10848	10878	10993	11192
171	1.0	107	202	289	359	375	483	577	895	1045	1109	1218	1245	1303	1438	1628	1663	1711	1726	1938	2000	2311	2334	2436	2457	2522	2530	2605	3170	3249	3252	3401	3734	3786	3984	4040	4360	4537	4760	4770	5057	5305	5337	5616	5726	5752	5834	5847	6023	6106	6135	6193	6254	6737	6753	6773	7083	7437	7563	7658	8067	8122	8581	8599	8652	8706	8795	8895	9009	9150	9224	9480	9505	9845	10036	10229	10304	10435	10594	10826	10972	11024	11158	11521	11661	11781	12223	12230	12351	12570
172	1.0	235	284	402	543	576	660	861	989	1021	1175	1457	1499	1510	1546	1662	1700	1856	2059	2201	2228	2481	2482	2855	2872	2979	2989	3102	3113	3126	3143	3195	3226	3231	3729	3831	3964	4366	4555	4607	4747	4808	4949	5377	5802	5843	6038	6151	6445	6453	6499	6509	6517	6529	6798	6968	7022	7051	7061	7136	7273	7309	7313	7327	7422	7566	7685	7760	7808	7811	7829	7867	8090	8279	8323	8609	8645	8704	8781	9017	9262	9384	9703	9711	9739	10048	10321	10330	10365	10393	10578	10655	10804	11003	11012	11015	11084	11141	11289	11376	11566	11727	11765	11815	11900	12101	12267	12283	12298	12313
173	1.0	8	356	388	859	879	975	1146	1407	1478	1583	1594	2180	2255	2259	2371	2854	2859	2888	3312	3466	3524	3733	3800	3808	3995	4456	4672	4730	4894	5029	5084	5165	5294	5317	5430	5765	5784	5831	5868	5907	6102	6616	6834	6907	7326	7523	7782	7911	7961	8134	8226	8271	8395	8412	8550	8665	8851	8911	8955	9083	9530	9685	10252	10277	10318	10670	10671	11403	11695	11886	12332	12489
174	1.0	1	271	708	873	1011	1304	1587	1643	1673	2230	2645	2684	2785	2849	2889	3060	3473	3504	3593	3816	3911	4036	4129	4241	4457	4482	5513	5650	5675	5729	6225	6319	6342	6998	7195	7214	7360	7397	7466	7516	7664	7797	7836	8085	8249	8265	8297	8298	8342	8584	8685	8927	8931	9126	9137	9198	9264	9316	9368	9432	9510	9634	9680	9780	9866	9970	9981	10060	10187	10755	11224	11434	11639	11856	11864	11995
175	1.0	9	28	256	557	804	996	1254	1351	1461	1683	1899	2138	2419	2685	2744	2847	2915	3286	3481	3670	3873	4000	4441	4665	4746	4838	4883	4901	5109	5113	5142	5287	5641	5665	5693	5818	5893	6077	6150	6570	6639	6806	6813	7017	7476	7513	7831	7993	8121	8268	8439	8522	8922	8982	9027	9292	9693	9808	9951	10235	10317	10420	10707	10710	10744	10814	10951	11618	11640	11686	11796	11807	12000	12178	12345	12477
176	1.0	759	780	1015	1777	1925	2175	2826	3100	3468	4153	4459	5368	5732	6107	6395	6694	6695	7392	7576	7981	8445	9781	10208	10424	10497	10650	11398	11831
177	1.0	1724	1913	2307	2345	2779	3165	3217	3314	3857	3930	4046	4109	4344	4566	4753	4899	5129	5136	6184	6477	6989	7647	7667	8177	8186	8246	8637	8834	9492	9825	9936	10112	10198	10282	10332	10684	10924	11165	11191	11258	11947	11954	12163
178	1.0	211	225	354	872	1208	1307	1559	1995	2127	2661	2901	2976	3082	4072	4545	5121	5192	5204	5288	5658	5975	6154	6250	6440	6686	7850	8094	9884	10498	11137	11354	11392	12083	12091	12147	12153
179	1.0	108	216	389	487	539	787	1000	1144	1332	1373	1555	1665	1735	1849	1985	2072	2193	2223	2344	2512	2644	2706	2959	3120	3246	4334	4511	4524	5168	5444	5451	5471	5562	5773	6677	6803	6963	7146	7329	7819	7906	8141	8417	8626	8670	8725	8729	9018	9351	9552	9594	9744	10151	10280	10314	10325	10438	10645	10706	10748	10866	10920	11674	11723	11835	12066	12181	12420	12526
180	1.0	428	444	814	849	1121	1692	1990	2191	2402	2465	2952	3066	3547	3561	3566	3689	3723	3938	4131	4257	4281	4418	4430	4519	5000	5193	5646	5674	6528	6850	7047	7066	7358	7574	7671	7683	8488	8502	8774	9229	9354	9369	9897	10257	10268	10965	11833	12442	12493
181	1.0	13	180	207	320	384	470	501	552	567	631	682	774	871	891	1060	1164	1232	1507	1675	2094	2150	2282	2284	2343	2416	2453	2602	2614	2697	3011	3337	3437	3641	3671	3801	3960	4187	4512	4565	4836	4855	5201	5410	6096	6602	6678	6922	7010	7034	7251	7259	7351	7553	7731	7843	8088	8421	8472	8655	8698	8724	8923	9060	9096	9310	10425	10560	11480	11707	11945	12005	12029	12045	12150	12182	12478	12554
182	1.0	78	366	408	562	594	659	764	1428	1472	1527	1541	1654	1717	1814	1836	2140	2199	2250	2385	2642	2863	3106	3203	3652	3654	3660	3688	3771	4041	4044	4062	4144	4429	4576	4695	4913	4974	5231	5301	5385	5509	5573	5832	5872	6010	6109	6197	6385	6636	7060	7109	7149	7168	7305	7380	7420	7542	7623	7866	7877	7995	8277	8283	8307	8327	8646	9020	9107	9164	9444	9471	9506	9524	9527	9689	9785	9812	9885	10003	10011	10012	10020	10063	10239	10288	10621	10746	10949	10996	11044	11193	11266	11274	11283	11579	11600	11711	11728	11828	12059	12273	12506	12536
183	1.0	27	76	165	237	452	530	633	882	933	995	1111	1266	1435	1463	1591	1620	1659	1712	1719	1799	1806	1829	1847	1867	1893	1962	1997	2137	2174	2185	2293	2325	2487	2544	2560	2562	2637	2751	2835	2845	2846	3121	3135	3350	3500	3621	3813	3850	3899	4362	4558	4942	5122	5191	5728	5968	6006	6066	6144	6152	6269	6450	6452	6526	6862	6885	6932	7200	7312	7375	7541	7798	8073	8456	8508	8622	8782	9407	9448	9544	9668	9683	9869	9990	10077	10102	10120	10278	10279	10300	10376	10474	10554	10754	10758	10875	10957	11117	11121	11290	11317	11423	11461	11467	11571	12180	12188	12505	12530
184	1.0	230	2017	2387	2498	4376	8227	8243	8676	8678	8877	8908	9309	9598	10030	10507	11284
185	1.0	110	123	441	496	581	587	603	677	830	903	1065	1766	1864	2053	2106	2351	2494	2503	2594	2725	2839	2865	3124	3218	3282	3360	3443	3539	3653	3901	4363	4541	4998	5005	5011	5432	5493	5508	5601	5688	5709	6206	6285	6301	6363	6500	6525	6537	6608	6772	6821	7223	7247	7904	8062	8178	8636	8673	9206	9583	9741	9819	10057	10066	10097	10119	10886	11005	11029	11335	11525	11797	11960	12559
186	1.0	34	399	417	600	954	1295	1762	1854	1858	1963	2313	2549	2789	2812	2875	3917	4237	4764	4879	5599	5632	5936	6078	7113	7547	7745	8386	8604	8793	10046	10213	10643	10871	10903	11526	12376	12525
187	1.0	51	159	410	733	796	896	1301	1551	1729	2238	2447	3080	3125	3342	3613	3687	3704	3913	3928	4101	4400	4473	4504	4517	4674	4847	4865	5140	5404	5427	5453	5676	5840	5925	6040	6851	6853	6952	7365	7389	7774	7982	8019	8066	8132	8253	8300	8344	8438	8455	8509	8884	8992	9394	9876	9889	9900	10302	10488	10625	11079	11103	11111	11387	11607	11667	11691	12120	12433	12454	12460
188	1.0	48	450	769	1116	1730	1812	2135	2921	3411	3414	3720	4290	4415	4426	4798	5232	5808	5902	5903	6337	6451	6696	6751	6949	6961	7184	7213	7276	7881	7929	7966	8380	8411	8874	8998	9090	9417	9733	9954	10294	10369	10609	11006	11211	11493	12128
189	1.0	24	83	89	153	283	596	1083	1122	1484	1846	2063	2104	2120	2210	2301	2588	2598	2618	2633	2761	2775	2917	2943	2945	3052	3153	3164	3291	3435	3939	4018	4253	4278	4309	4449	4501	4547	4939	5021	5037	5539	5545	5738	5777	5854	5869	5973	6110	6287	6489	6565	6766	6812	6890	6946	7172	7215	7262	7301	7321	7348	7530	8004	8056	8181	8219	8258	8266	8337	8463	8815	8875	8944	9308	9383	9402	9442	9447	9557	9650	9663	9816	9821	10040	10142	10398	10415	10492	10596	10783	11037	11154	11366	11438	11657	11850	11921	12080	12179	12268	12331	12397	12464	12483
190	1.0	206	396	611	1057	1915	2054	2297	2519	2551	2709	2857	2986	3398	3865	4726	5070	5164	5209	5528	6224	6370	6554	6615	7038	7186	7197	7254	7509	7696	7783	7928	8101	8448	9026	9332	9457	9504	9538	9877	10170	10251	10406	10616	10741	10750	10836	10997	11124	11162	11808	11937	11949	12279	12401	12561
191	1.0	115	328	473	549	640	690	749	789	955	1049	1096	1171	1314	1340	1657	1701	1804	1862	2167	2200	2215	2354	2574	2610	2881	3059	3222	3302	3322	3380	3406	3535	3877	3949	3992	4003	4024	4039	4250	4466	4532	4593	4642	4709	4779	4787	4791	4795	4909	4924	5020	5213	5278	5329	5374	5795	5865	6049	6233	6540	6580	6643	6811	6865	7338	7369	7570	7598	7728	7987	8103	8129	8214	8377	8532	8615	8885	9013	9034	9147	9155	9188	9192	9349	9748	9761	9967	10225	10473	10513	10629	10837	11080	11275	11324	11346	11507	11518	11679	11693	11898	11992	12330	12367
192	1.0	99	171	224	451	468	532	666	691	797	836	973	1173	1196	1197	1207	1521	1607	1737	2202	2203	2425	2437	2467	2629	2782	2895	2936	3053	3237	3240	3281	3474	3509	3822	3965	3987	4025	4091	4249	4439	4442	4595	4660	4702	4750	4863	4920	4938	5002	5030	5130	5179	5490	5550	5554	5611	6123	6257	6315	6415	6429	6527	6870	7068	7291	7300	7602	7603	7849	7924	8106	8156	8322	8860	9159	9392	9665	9727	9803	9959	10113	10265	10338	10468	10543	10642	10717	10839	11120	11314	11364	11605	11652	11775	12271	12368	12383	12496	12557
193	1.0	178	454	509	966	1090	1172	1203	1731	1775	2216	2590	2648	2892	3006	3063	3117	3379	3403	3624	3761	3833	4460	4986	5598	6105	6280	6519	6556	6635	7277	7320	7591	8119	8731	8825	9019	9032	9377	9435	9929	10117	10421	10708	10775	11304	12017	12042	12280	12510
194	1.0	5	43	173	325	343	358	657	783	841	1236	1353	1458	1498	1611	1702	1755	1886	2229	2639	2688	3051	3095	3109	3255	3373	3422	3475	3531	3778	3834	3885	4066	4242	4295	4353	4560	4687	4748	4900	5170	5271	5360	5530	5603	6137	6503	6547	6609	6701	6710	6720	6786	7182	7211	7342	7411	7525	7796	7817	7857	8040	8045	8357	8363	8379	8391	8484	8888	8941	9127	9329	9390	9490	9561	9790	9851	10108	10266	10283	10718	10807	10899	11049	11577	11589	11666	11845	11915	12018	12148	12249	12522
195	1.0	59	118	1377	1690	1758	1966	2077	2251	2823	2878	2919	3007	3083	3147	3258	3331	3612	4082	4571	4699	5074	5778	5794	6043	7056	7539	7917	8163	8468	8594	8668	8989	9025	9534	9822	9859	9888	10472	10727	11466	11741	11883	11933	12160	12226	12519
196	1.0	429	819	1214	1598	1738	2265	2379	2466	2469	2700	2743	2815	3358	3391	3942	4523	4717	4767	4861	4923	4944	5551	5613	5702	5824	5825	5835	6161	6220	6230	6278	6289	6463	6679	6809	6915	6936	7191	7640	7768	7985	8367	8659	8800	8880	8964	9294	9760	10006	10114	10150	10248	10259	10862	11585	11630	11931	12176	12208	12317
197	1.0	394	1005	1025	1331	1467	1807	1978	2045	2161	2222	2950	2990	3003	3029	3068	3087	3107	3138	3168	3686	3900	4300	4316	4696	4983	5026	5134	5437	5691	6284	6397	6909	6996	7013	7019	7507	7605	7688	7740	7777	7801	7868	8183	8194	8400	8419	8505	8866	8997	9106	9142	9299	9338	9547	9667	9738	9906	10041	10138	10394	10400	10463	10512	10709	11004	11031	11147	11316	11735	12323	12436
198	1.0	2	542	711	734	1114	1140	1621	2099	2257	2450	2485	2627	2899	2995	3056	3099	3146	3227	3427	3469	3681	3870	4032	4033	4070	4216	4506	4529	5060	5244	5596	5648	5923	6025	6567	6641	6718	6721	6723	6917	7179	7366	7399	7630	7920	7954	7971	8059	8098	8208	8783	9094	9297	9642	10771	10834	11159	11214	11236	11282	11503	11555	11587	11623	11663	11998	12294	12359
199	1.0	44	84	387	391	434	526	892	961	1073	1253	1257	1525	1942	2124	2287	2316	2348	2391	2631	2636	2905	3257	3478	3827	3883	4234	4326	4612	4679	4841	5475	5506	5698	5897	6089	6495	6598	6621	7008	7322	7531	7606	7679	7800	7812	7830	7933	8009	8054	8487	8677	8748	8862	8976	9117	9321	9370	9521	9636	9779	10218	10324	10551	10606	10689	10892	10936	11338	11424	11968	12184	12295
200	1.0	62	174	857	1053	1058	1086	1147	1241	1411	1513	1723	1770	1834	1909	2107	2276	2472	2504	2621	2691	2715	2938	3207	3272	3441	3545	3656	3784	3792	3866	4188	4535	4872	5177	5240	5369	5534	5981	6018	6215	6234	6328	6358	6417	6651	6842	6991	7033	7271	7307	7462	7726	7787	7970	8172	8264	8305	8397	8403	8481	8596	8917	8924	9073	9134	9657	9731	9771	9913	9974	10200	10269	10409	10910	11320	11370	11519	11539	11540	11620	12021	12039	12048	12067	12233	12455
