1	1.0	154	174	235	301	877	997	1288	1481	1667	1718	1759	1873	1888	1899	2202	2237	2288	2405	2984	3189	3404	3537	4052	4417	4742	4773	4995	5028	5049	5085	5116	5123	5490	5845	5846	6068	6340	6746	7249	7404	8305	8667	8894	9472	9960	10999	11686	11718	11928	11965	12455
2	1.0	437	874	1033	1169	1969	2141	2169	3925	3957	4179	4202	4559	5419	5839	6023	6054	6347	7101	8087	9146	9607	9645	9648	9791	9833	11634	11910	12168	12584
3	1.0	80	319	987	1230	1262	1339	1351	1385	1406	1624	1801	2039	2115	2153	2568	2786	3284	3460	3497	3940	4009	5665	6077	6444	6819	7017	8159	8522	8524	9095	9273	9372	9855	9898	10100	10127	10707	10971	11326	11341	11779	11792	12110	12243
4	1.0	132	351	479	481	507	641	1133	1194	1250	1398	2653	2657	3150	3675	4228	4744	4759	6172	6601	6912	6967	7167	7433	7616	8155	8302	8546	8629	9475	9732	9750	10131	10446	10898	11512	11591
5	1.0	492	513	1919	2066	2571	2667	3046	4206	5544	5817	6518	6524	6884	8745	10163	11413
6	1.0	99	119	421	539	1761	1813	1961	2036	2249	2279	2368	2519	2595	2644	2727	2808	3340	3397	3548	3582	3602	3846	4155	4174	4213	4259	4656	4824	5236	5469	5523	5969	5987	6128	6429	6442	6870	7180	7186	7525	7611	7663	7692	8007	8015	8022	8831	9036	9163	9244	9286	9323	9366	9707	9790	9803	9939	10037	10044	10089	10338	10389	10419	10583	11065	11419	11608	12387	12489
7	1.0	298	369	859	1594	1863	1989	2225	2244	2654	2912	3204	3312	3617	3800	3961	3972	4011	4490	5029	5142	5238	5286	5317	5674	5962	6066	6313	6616	6850	6907	6920	7024	7218	7275	7483	7513	7523	7596	7825	7883	8439	8627	8628	8833	8859	8903	8986	9064	9116	9737	10181	10722	10736	10744	10963	11403	11616	12100	12151
8	1.0	242	768	1079	1549	1740	2270	2461	3615	4272	4354	5257	5441	5565	5938	6462	6934	7698	7962	8139	8162	8332	8415	8479	8543	8784	9185	9710	10704	10841	11150	11556	11843	11882	12321	12344	12495
9	1.0	339	1212	2067	3156	5595	5605	5910	5992	6659	6827	6930	7039	8444	9217	10467	10566	11433	11922	12177
10	1.0	103	632	984	1040	1387	2061	2082	2910	3517	4276	4676	5359	5489	5549	6033	6115	6517	6552	7336	7374	7878	8166	8260	8421	8726	8735	9281	9431	10083	10261	10831	11087	11130	11161	11687	11802	12484	12550
11	1.0	358	516	719	973	1054	2045	2925	2950	2990	3069	3474	3566	3873	3938	4178	4255	4893	5000	5026	5437	5597	5975	6222	6397	7013	7402	7715	7849	7868	8099	8183	8232	8400	8505	8695	8866	9104	9106	9338	9483	9667	9738	10268	10394	10579	10642	10839	11316	11563	11569
12	1.0	265	329	725	773	825	2038	2479	3370	3868	4515	5058	6027	6494	7103	7708	8414	8607	8696	10190	10694	10698	11574	12364
13	1.0	225	1208	1559	1995	2127	2901	2976	3082	3725	5192	5204	5288	6154	6250	6440	7850	8094	8810	9884	10498	11137	11392	12083	12147	12153
14	1.0	134	556	3175	3991	4307	5557	5952	6163	6364	6428	7044	7176	7666	7803	7823	8315	9807	10359	10496	10848	10878	10993	11192	11383
15	1.0	398	867	1575	1734	2154	2363	3013	3662	3667	3740	3756	4089	4132	4180	4456	4655	4685	4693	4845	4852	5168	5299	5364	5864	5874	6016	6045	6322	6571	6677	7005	7362	7705	9280	10247	10545	11155	11641	11970	12552
16	1.0	102	386	623	1009	1134	2087	2309	3637	3766	3783	4422	4664	4738	5196	5295	5643	6114	6522	6676	7125	7205	7293	7524	7612	8215	8533	8766	9438	9493	9562	9963	10141	10245	10443	10484	10762	11985	12193	12210	12447
17	1.0	1052	1571	1681	3981	4810	6604	6638	6948	8697	9226	9905	11220	11594	12217	12257
18	1.0	1087	1349	1497	1642	1705	2928	4478	5228	6681	6745	7460	7739	8433	10090	10562	11144
19	1.0	390	567	743	1164	1774	2282	2690	3021	3960	4496	4855	6754	8620	8727	8872	9293	9340	9589	10079	10123	10425	10761	10835	11707	12478
20	1.0	25	323	408	594	899	1068	1721	2199	2645	3074	3136	3593	3771	4007	4041	4214	4412	4438	4588	4817	5465	5573	5775	5832	5954	6121	6841	6923	7866	7877	7995	8544	8683	8740	8763	9075	9107	9113	9198	10020	10063	10168	10447	10845	10949	11993	12459
21	1.0	67	651	675	680	1049	2014	2092	2521	2703	3239	4163	4224	4232	4413	5374	5588	5913	6699	7518	7763	7793	9455	10228	11421	11730	12172
22	1.0	62	1147	2621	3635	3884	3990	4134	4296	4333	4483	4491	4754	4915	5692	5759	6427	6776	7219	7470	8051	8652	8656	9044	9050	9277	9480	9639	9911	10073	10173	10233	10404	10810	11226	11237	11265	11981	11994	12366	12514
23	1.0	1245	1532	1788	3932	5135	5211	5370	5567	5694	5870	6474	6939	7018	7974	7990	8040	9061	9653	9679	9845	10720	11009	11022	11081	11329	11464
24	1.0	440	2218	2918	4415	4654	5232	6564	6696	6751	7162	7618	7966	8113	9958	10477	11380	11611	11771
25	1.0	300	1939	1966	2251	2823	3007	3258	3331	3612	4499	5778	6043	7917	8163	8335	8468	8594	8786	9534	9638	9859	9888	10462	10727	11466	11883	12090	12160	12226	12519
26	1.0	307	566	1334	1578	1745	1765	1999	2224	2326	2852	3251	3512	3575	3764	3946	4161	4370	4513	4561	4958	5131	5560	5774	5806	6288	6628	7027	7380	7623	8350	8692	8699	8879	9020	9713	9817	10246	10288	10508	10547	10607	11060	11240	11442	11509	11705	11711	12139	12276	12403
27	1.0	82	150	357	491	855	978	1017	1034	1434	1817	2004	2220	2275	2286	2377	2801	2840	2879	3001	3191	3261	3293	3399	3490	3739	3779	4071	4120	4198	4283	4716	4885	5233	5256	5563	5801	5838	5909	6593	7255	7261	7540	7645	7651	8235	8281	8293	8512	8606	8619	8633	8782	8953	9571	9591	9699	9724	9794	9862	9867	9903	9931	9950	9975	10034	10450	10510	10585	10955	11232	11755	11756	12093	12142	12196	12318	12531
28	1.0	342	757	1050	1272	1626	1773	2285	2443	2964	3172	3716	4762	4862	5065	5644	6084	6195	6239	6246	7204	7890	8588	9110	9165	9208	10043	10981	11023	11262	11714	12445
29	1.0	75	291	574	649	723	850	1156	1177	1240	1242	1336	1346	1541	1654	1796	2369	2532	2819	3017	3782	3798	4150	4195	5050	5224	5391	5408	5827	5860	6652	6669	6760	6900	8409	9035	9242	9526	9687	10018	10158	10351	10544	10581	10928	11261	11452	11579	11704	11823	12395
30	1.0	88	751	1137	1283	1632	1822	3091	5059	5141	6075	7227	7469	8055	8148	8592	8765	9759	9934	10495	10791	11757	12458
31	1.0	181	315	712	748	794	962	1153	1225	1397	1563	1726	2026	2587	2601	2732	4306	4458	4696	6243	6513	6729	6888	7521	7717	7720	7913	8070	8097	8285	8690	9432	9564	9599	9849	10313	10700	10927	11603	11936	11983	12201	12290
32	1.0	177	1182	1304	1572	2230	2623	3003	3068	3087	3504	3787	4457	4801	5585	6732	7253	7345	7379	7381	7507	7605	7797	7801	8511	8567	8978	9131	9264	9595	9765	10364	11553	11856	12323
33	1.0	180	901	1099	1105	1306	2151	2516	2766	2960	3254	3431	4637	4736	4888	5038	5161	5220	6275	6492	6655	7271	7446	7907	8472	8482	9176	9554	9757	10589	11104	11302	11534	11750	12346	12438
34	1.0	991	1024	1312	1432	1596	1934	1998	2933	3417	4074	4148	4219	4247	4352	4802	5275	5540	5789	6140	6425	6510	6599	6904	7722	8089	8188	8257	8259	8687	8789	8910	9033	9333	9523	10471	10521	10896	11697	12043	12107	12175	12398
35	1.0	360	512	786	803	931	1035	1394	1830	1968	2274	2335	2355	2446	2830	3022	3622	3855	4035	4473	4550	4653	4739	4964	5086	5918	6072	6171	6223	6325	6367	7006	7234	7323	7354	7457	7771	7847	7869	7884	8292	8467	8473	9379	10344	10488	10976	11111	11691	11716	11879	12260	12315	12454
36	1.0	1237	1271	2478	2941	3329	3904	4440	4849	4934	5112	5547	7533	8413	8583	9151	9804	9955	11042	11659
37	1.0	93	1203	1577	1617	1769	2142	3883	6280	6836	6960	7023	8054	8664	8863	9578	10458	10536	10635	11039	11713	12137
38	1.0	83	153	847	909	1083	1298	1390	1846	1879	2020	2132	2167	3435	3529	4157	4250	4309	4476	4657	4704	4939	5481	5738	6594	6811	6865	7158	7257	7661	7759	8056	8103	8222	8266	8463	9349	9705	9706	10140	10243	10596	11275	12268	12367	12479
39	1.0	117	246	401	1367	1636	1941	1951	2558	3825	4444	5380	5424	5483	5779	6927	7334	7387	7475	7608	7724	9115	10941	12278	12322
40	1.0	118	812	993	1039	1758	1816	2157	2919	3147	3433	3872	4082	4190	4843	5107	5342	5361	7142	7673	7794	8060	8150	8943	8989	9822	10422	10865	11682	11807	11956	12135	12423
41	1.0	458	788	1073	1096	1825	2753	2794	2812	2972	3306	3647	4464	5506	5957	6228	6898	6975	7008	7347	7679	7699	8576	8693	8907	9577	9740	10326	10455	11182	12295	12558
42	1.0	6	1871	2037	2056	2394	2764	3208	3730	4585	5378	5652	6002	6122	6165	6245	6555	7117	7864	8262	8837	8932	9516	9617	9924	10751	10815	11250	11423	11702	12167	12521
43	1.0	46	218	1797	1810	1853	3436	4151	4858	4874	6338	6484	6568	6714	6901	6993	8762	9609	10867	11913	12158
44	1.0	1214	2815	4923	4944	5824	6161	6220	6463	7191	7640	9294	10150	11585	12176
45	1.0	353	407	1313	1815	2069	2445	2615	2634	2717	3407	3762	4023	4722	5227	5304	5724	5788	6294	6586	6937	6992	7086	7092	7331	7418	7734	8026	8267	8913	9576	9745	9857	10203	10691	10940	11209	11305	11488
46	1.0	1165	1239	1480	2005	2617	4240	4587	4891	5664	6000	6541	7680	7795	7998	8272	9133	9330	10697	10944	11259	12195
47	1.0	206	655	1269	1746	2241	2692	2723	2771	2841	2866	3032	3190	3371	3387	3694	4125	5033	5082	5720	6435	6951	6985	7067	7102	7438	7610	7626	7702	7709	8173	8399	8660	8886	8983	9170	9343	9412	9497	9742	10349	10526	10548	10992	11075	11217	11668
48	1.0	844	1512	1639	1678	2517	3424	3669	3797	4508	4781	4786	5333	7143	7436	7886	8308	8466	8535	8663	9470	9580	9728	9753	10402	10432	10441	10882	10912	11083	11458	11853	12149	12389
49	1.0	371	404	461	489	848	893	1201	1204	1476	2352	2386	2463	2534	3484	3506	4002	4012	4113	4477	4834	4871	5146	5230	5393	5529	5678	6188	6210	6404	6475	6533	6704	7159	7267	7421	7465	7632	8127	8209	8746	8823	8912	9239	9606	10859	10931	11033	11046	11332	12123	12189	12578	12585
50	1.0	110	561	645	1185	1439	1560	2374	2632	2790	2864	2985	3257	3639	4467	4541	4830	5189	5402	5705	5709	6006	6127	6179	6399	6430	6455	6622	7116	7455	7552	7809	8440	9201	9265	9513	9558	9723	9726	10053	10097	10412	10514	10777	11327	11490	11683	11699	11739	11772	12325
51	1.0	33	459	515	571	1190	1472	1544	1808	1972	2372	4144	4317	4921	5062	5311	5409	5495	5876	6273	7450	7478	7526	7580	7652	8143	8385	9350	9524	9774	9792	11000	11353	11377	11941	12314
52	1.0	546	583	1433	1625	1666	2572	2573	3232	3909	3945	4287	4567	4907	4943	5608	5905	6966	8003	8496	8945	9319	9658	9842	10417	10577	11013	11296	11899	12082	12164
53	1.0	1399	1682	3259	3919	4574	6008	6262	9767
54	1.0	29	197	430	876	884	948	1545	1752	1805	2021	2159	2292	2523	3038	3381	3557	3803	3829	4231	4265	4387	4453	4772	4979	5381	6186	6229	6958	7198	7238	7406	7620	7704	7894	8093	8325	8352	9302	9918	10214	10881	11520	11647	11819	12003	12084	12161
55	1.0	26	228	1706	1921	2474	3367	3471	3983	4756	5505	5572	5733	5982	6662	7148	8035	8041	8429	8812	9654	9983	10056	10092	10370	10375	11767	12203	12391
56	1.0	621	1402	1562	1900	3216	4546	5950	5951	6372	6542	7072	7264	7749	7789	7790	8873	10532	10822	10824	10919	11092	11590	11721	12410
57	1.0	222	541	1842	2671	2900	2920	3144	4684	4710	4774	4950	5292	5450	5542	5880	5960	6361	6472	7765	7936	7955	8029	8052	9122	10639	11264	11301	11800	11847	12451
58	1.0	678	2204	2422	3430	5309	5405	8320	8902	9784
59	1.0	163	477	742	793	1641	1674	1986	2212	2663	2686	3283	3907	4073	4963	5251	5894	7124	7390	7510	8278	8734	9336	9382	10774	10884	11112	11201	11614	12102	12316
60	1.0	1062	2603	3188	3230	3888	5064	5321	5629	5889	6079	7415	7515	7989	8195	8389	8423	8775	9003	9022	9058	10363	10857	10987	11610	12380	12413
61	1.0	21	24	89	596	885	1342	2120	2633	2715	3164	3291	3928	3939	4018	4449	5021	5037	5453	5545	5973	6110	6234	6812	7301	8181	8337	9308	9557	9663	10142	11132	11154	11370	11657	11921	12483
62	1.0	34	399	417	1762	1858	1963	2313	2549	2789	2875	4237	4879	5858	7113	7547	8387	8793	10213	10643	10871	10903	11526
63	1.0	188	273	436	563	904	986	1615	2103	2323	2350	2432	2969	3137	3538	3796	3808	3958	3975	4122	4319	4379	4503	4549	5350	5570	5749	5784	6117	6498	6697	6877	6881	7045	7485	7646	8202	8268	8310	8489	8556	8747	8760	8893	9509	10599	10874	11151	11359	12197	12468	12515
64	1.0	2017	2387	10030
65	1.0	23	120	338	356	388	770	1352	1996	2361	3590	3962	4165	4200	4328	4672	5012	5421	5430	5714	6098	6692	6782	7657	8395	9184	9588	9666	9685	9814	10889	10974	11131	11975
66	1.0	1008	1418	1462	1517	2721	3369	3824	4173	4331	4341	4402	4691	4809	4811	4897	5108	6378	6441	6456	6873	6979	7462	7578	7779	8341	8381	8434	8451	8900	8988	9112	10383	10888	11118	11872
67	1.0	35	231	379	1076	2411	2967	3543	5352	6505	7554	7983	8203	8643	9051	9601	9896	10552	11272	12214
68	1.0	2770	3624	3705	3915	4348	4350	7371	7841	8296	8513	8642	9072	9987	10216	10486	10686	10868	11238	12540
69	1.0	1293	1953	2126	3119	3353	4451	4734	4875	4978	5535	5940	6710	6781	7081	7689	8962	9000	10357	10371	11021	11050	11885	12165
70	1.0	310	382	422	800	922	935	1001	1094	1100	1166	1179	1330	1747	1763	1945	2390	2491	2651	2652	2726	2975	3081	3307	3326	3416	3607	3898	3980	3994	4022	4233	4383	4394	4411	4683	4848	4988	5266	5533	5933	6036	6100	6132	6209	6255	6291	6511	6815	6935	6953	7087	7122	7228	7660	7940	8462	8554	8574	8761	8861	8870	9108	9130	9183	9210	9260	9306	9525	9611	10061	10347	10373	10435	10487	10682	10705	11278	11312	11333	11357	11422	11673	11920	12101	12132	12421
71	1.0	168	192	208	1430	1483	1715	2596	2757	3128	3212	3835	3871	4390	5279	6238	6988	7634	8344	8441	8478	8947	9283	9285	10132	10475	11361	11491	12036	12169
72	1.0	100	245	521	1676	1795	1952	2080	2182	2336	2388	5760	6795	7037	7431	8340	9579	10588	11035	11299	11385
73	1.0	126	243	302	1104	1160	1284	1321	1426	1509	1637	1742	3421	3518	3625	3690	3918	4229	4323	4512	4812	5159	5422	5538	5885	6755	7372	7427	7742	8388	8558	9045	9180	9298	9671	10068	11044	11400	11401	11600	12061	12305
74	1.0	55	253	403	456	729	846	1101	1124	1595	1857	2034	2073	2139	2219	2545	2599	2628	3592	3604	3608	4395	4427	4825	4997	5152	5282	5680	6293	6411	6774	7333	8338	8353	8430	8590	8722	8882	9507	9614	9880	9927	10856	10909	11248	11904	12265	12319	12362	12467
75	1.0	716	1092	2894	3141	3267	4038	4967	5173	5823	6839	7401	7519	7814	8737	8916	9166	12033
76	1.0	674	805	911	2452	2694	3185	6769	8519	9103	11418
77	1.0	346	531	613	862	1268	1320	1425	1651	1768	1839	1891	1916	2085	2102	2247	2500	3158	3679	3828	4030	4218	4522	4570	5047	5120	5710	6332	6396	6588	6674	6691	6777	7097	7133	7144	7349	7538	7643	7946	8175	8517	8979	9100	9238	9287	9681	9795	9986	10076	10315	10387	11340	11545	12523
78	1.0	588	758	843	865	1205	1337	2716	3166	3393	3483	3598	3823	4896	5898	5926	6001	6082	6118	6514	9237	10206	10879	12020	12078	12256	12272	12384	12471
79	1.0	341	795	964	1277	1309	2091	2393	2792	2973	2980	3356	4846	5080	5276	6060	6521	7001	7004	7168	8288	8587	8876	9616	10162	10427	10453	10956	11439	12125
80	1.0	184	223	257	604	905	925	930	1132	1152	1355	1359	1593	1708	2051	2189	2321	3033	3305	3335	3352	3389	3472	3567	3657	3889	4057	4142	4504	4619	4677	4737	4766	4820	4839	4881	4931	5103	5781	5906	5980	6684	7190	7324	7445	7571	7585	8369	8495	8992	9037	9040	9161	9468	9482	9517	9786	9876	10105	10194	10241	10377	10597	10612	10776	10797	10803	10911	10926	11360	11453	11528	11559	11999	12070	12206	12546
81	1.0	699	1459	5510	5731	6383	6481	6883	7945	8981	9979	12264
82	1.0	261	750	808	1903	2858	3040	3684	3927	4058	5243	7340	7505	8109	9425	10743	11984	12054
83	1.0	350	476	826	1059	2071	2451	2710	2769	3129	3953	4051	4077	4117	4410	4669	5300	5314	5986	6113	7154	7210	7891	7892	8120	8899	9193	9272	9563	9917	10071	10669	11038	11644	11645	11725	11990	12126	12535
84	1.0	2414	3861
85	1.0	376	629	747	1445	1640	2357	2641	3299	4367	4796	6508	8891	9938	10230	11875	12469
86	1.0	778	791	882	995	1591	1917	2184	2665	2982	3121	3562	4238	4558	4733	4842	5411	5804	6056	6525	7312	7798	7967	8062	8868	9741	10077	10102	10300	10984	11467	12289
87	1.0	259	562	662	713	898	967	1022	1095	1275	1373	1410	1477	1478	1935	1936	1991	2190	2462	2493	3145	3246	3507	3581	3688	3709	3952	3965	4282	4291	4778	5423	5488	5764	6051	6605	7452	7481	7638	7943	8050	8079	8311	8319	8346	8595	9043	9395	9453	9489	9714	9717	9820	9828	10023	10047	10506	10645	10671	10692	10952	10967	11134	11229	11558	11654	11836	11958	11987	12136
88	1.0	347	619	1415	1573	1579	1616	1691	2015	2047	2833	2926	2939	3036	3755	3759	3854	3959	4016	4292	4856	5184	5446	5499	6468	6544	6893	8432	8680	9342	10126	10680	11045	11108	11285	11408	11444	11515	11653	11927
89	1.0	12	149	189	879	2476	2515	2673	2831	3116	3167	3363	3527	3712	3858	3869	3922	4193	4606	5386	5442	5866	6653	6866	7071	7141	7206	7681	8095	8160	8526	8751	9055	9233	9362	9378	9380	9565	9613	9966	10028	10120	10136	10222	10256	10291	10355	10542	10582	10816	11063	11300	11751	12022	12025	12352	12565
90	1.0	45	211	449	872	1307	1516	1518	1600	1954	2329	3075	3449	3476	4327	5591	5944	6461	6686	6929	8077	9317	9508	11306	11354	11701
91	1.0	1091	1325	2294	2319	2328	2630	2813	2904	3265	3388	4357	4502	4604	4641	4692	5656	5742	6469	6847	7031	7769	7882	7934	8425	8559	8563	8708	8993	9467	10454	10511	11959	12113
92	1.0	316	374	504	900	1114	1158	2450	2507	2937	2963	3103	4079	4631	4956	5117	5346	5596	5648	5886	6087	6458	6641	6817	6864	7207	8110	8114	8208	8485	8570	8849	9313	9437	9522	10426	10587	11367	11414	11818	11976	12058
93	1.0	194	418	661	807	1162	1389	1940	2143	2258	4492	4828	5901	6247	6253	6972	10179	10918	11017
94	1.0	105	364	913	1189	1290	2012	2208	2911	3715	5255	5790	6017	6050	6185	6366	7582	8206	8548	11567
95	1.0	426	1890	3559	4582	5041	5341	5746	5849	6270	6384	7269	8713	9387	9998	11859
96	1.0	557	996	1683	2138	2419	2685	3083	3286	3481	3769	3993	4000	4441	4571	4746	4838	4857	4901	5109	5287	5641	5818	5893	6570	6639	6806	7476	7740	7831	8065	9027	9292	9547	9951	10192	10235	10260	10317	10420	10709	10737	11640	11747	11996	12000	12178	12477
97	1.0	738	2177	3908	4099	4889	5452	5492	6014	6241	6249	8920	9543	10806	12103
98	1.0	285	577	895	979	1163	1216	1261	1880	2457	2496	3090	3580	3802	4353	6311	6388	6550	8067	8549	10226	11612	11627	11661	12351	12570
99	1.0	709	946	1107	1183	1448	1597	1979	2290	2608	2916	3178	3514	4342	4914	5447	5526	7420	8443	8490	9436	9474	9582	9875	12162
100	1.0	128	141	648	727	1905	3160	3193	3843	4105	4743	5118	5494	6357	6575	7083	7208	8010	8773	9341	9415	9443	9542	9851	9860	10990	11073	11411	11454	11708	11888
101	1.0	1012	1526	1685	1733	2811	3031	3711	4630	4640	4821	5328	5602	5703	5917	6711	7089	7965	9428	10058	10528	11613	11918
102	1.0	1317	4763	11570
103	1.0	553	983	1333	1771	1831	3594	3634	3821	3903	4047	4053	4707	7378	8107	8848	8968	9053	9136	9274	9410	9631	9948	9994	10154	10185	10959	11241	11575	11583	11625	11988	12009
104	1.0	215	1992	2612	3343	3638	5375	5670	5993	6535	6610	11270
105	1.0	198	1699	1780	1931	1977	2542	3015	3666	3677	3736	4769	7260	7599	7607	10000	10004	10078	11358	11524
106	1.0	1451	3744	3886	4102	4245	6024	6143	6787	7070	7496	7865	8638	8807	9646	12494
107	1.0	186	941	999	1053	1881	2188	3221	3395	3576	3799	4495	4782	4797	4973	6194	7315	7969	8104	9619	11908	11952	12007	12015	12337	12563
108	1.0	442	576	615	660	824	1021	1256	1546	1700	2070	2537	2553	2614	2799	3118	3126	3671	3878	4029	4366	4425	4584	4832	5069	5377	5436	6509	6603	6678	6894	7022	7059	7233	7422	7843	7861	8118	8187	8224	8585	8645	8689	8753	8820	8950	9017	9082	9140	9655	9739	9777	9887	9893	10935	11141	11502	11838	11870	12019	12298
109	1.0	272	321	362	821	926	1016	1656	2118	2389	3794	4511	5235	5445	5593	6261	6703	6941	7105	7183	7504	7587	7686	7906	7927	8602	8729	8754	8918	8969	10334	12154	12335
110	1.0	570	1047	1167	1233	1287	1362	1375	1794	2409	2699	2893	3440	4355	4372	4780	5793	5853	6282	6875	7278	7403	10104	10293	10340	10991	11085	11089	11160	11252	11310	11669	12339
111	1.0	151	707	767	1932	2032	2464	4961	6496	6736	7155	8164	8238	8850	9109	9835	10329	11077	11178	12399
112	1.0	114	258	1348	1379	2793	3242	3525	4175	4487	5964	6070	6091	7015	7056	7241	7429	7870	7915	8194	9793	10384	10512	11969	12121	12575
113	1.0	1938	2605	2778	3734	4784	5736	5834	6408	6722	7876	8171
114	1.0	443	715	776	937	1010	1427	1660	2597	2735	3551	3591	3710	3887	3977	5214	5653	5915	6231	6858	7376	7898	7979	8165	8618	8934	9396	9520	10770	10795	12355	12487
115	1.0	2010	3086	3663	5265	5815	5970	6390	7026	7393	7856	8312	8738	9177	10039	10942	11318	12453
116	1.0	480	1112	1914	2561	4392	5096	5813	7691	8020	11880
117	1.0	224	517	836	908	1329	1755	2531	2564	2965	3244	3281	4091	4249	4397	4660	5115	5614	5766	6315	6401	6698	7291	7447	8391	9388	9561	9665	9756	10113	10221	10864	11062	11120	11404
118	1.0	1046	1391	2304	3071	3157	5863	6708	6897	8008	8212	8231	8551	9093	9178	10674	11114	12092	12234	12498	12529
119	1.0	18	326	392	1316	2176	2458	2962	3077	3847	4869	5246	5600	5887	8044	8291	8728	8759	9357	10407	12133	12209	12443	12500
120	1.0	144	234	944	1403	1844	2217	2427	2511	2987	3047	3072	3250	4662	5348	5983	6073	6854	6969	10341	10445	10752	10894	11123	11599	11660	12329
121	1.0	19	79	204	653	932	1066	1135	1981	2163	2260	2795	3171	3349	3485	3496	3501	3906	4207	4361	4408	4568	5001	5031	5067	5564	6483	7231	7565	7766	8333	8374	8426	8791	8990	9010	9047	9541	9553	9568	10183	10651	10677	10716	10821	11538	11830	12374	12568
122	1.0	1097	2426	2546	2668	2957	3050	3721	9016	9930	12275
123	1.0	63	305	644	1136	1495	1496	2497	2526	2924	3912	4013	4160	5371	5782	6368	7244	7537	7788	7862	8407	8427	8529	8571	8649	9023	9320	10244	10826	10840	10972	11246	11388	11417	12108	12450
124	1.0	115	1192	1926	2263	2574	3110	3342	3618	4666	4714	4827	5003	5126	5202	5404	5676	5795	6125	6346	6423	6487	6683	6794	6905	7389	7772	7932	8036	8219	9235	9593	9783	10501	10592	10730	11438	11651	11764	11780	11942
125	1.0	260	1302	2953	3818	4488	4627	5624	5662	6057	6391	7339	10115	11759	11874
126	1.0	96	810	2030	2100	2152	2253	3217	3857	5639	5679	6184	6545	7377	7988	8404	9461	9825	9980	10985	11606	12237
127	1.0	537	3035	3680	4658	5397	6630	6656	7303	7440	8245	8973	9416	9662	9776	10653	12255	12543
128	1.0	8	52	74	453	975	1145	1146	1193	1251	1447	1583	1586	2129	2749	3278	3466	4826	4894	5165	5319	5765	5831	5855	5868	5907	6102	6151	6507	7078	7096	7911	7961	8024	8134	8226	8412	8469	8515	8550	8609	8911	8942	8960	8975	9346	9530	9559	10255	11048	11143	11494	11695	11886	12087	12313
129	1.0	279	395	505	688	717	1071	2499	3574	6021	6448	6977	6995	8578	9139	9232	9324	9922	9946	10059	10380	10780	11126	11801	11894
130	1.0	676	1446	1689	2930	3005	3691	4171	4614	5268	6133	6770	6771	7110	7751	8905	9223	9430	11511	12144	12239
131	1.0	385	424	718	927	2041	2825	2876	2946	3004	3064	3405	3568	3944	3970	4428	4703	5072	5398	5684	6398	6431	6466	6497	6863	6964	7169	7520	7534	7903	8651	8721	8742	9248	9403	9420	9775	10217	10308	10595	11171	11455	11584	11703	11901	12567
132	1.0	780	1015	1777	1925	2742	3100	4153	4459	5368	5732	6694	6695	7392	7576	7981	8445	9781	10424	10497	11831
133	1.0	7	1080	1093	1255	1278	1318	1885	1946	2019	2078	2128	2383	2556	2816	2861	3061	3549	3565	3697	3718	4184	4288	4374	4406	4928	4941	5125	5435	5504	5520	5642	5655	5744	6213	6407	6962	7364	7459	7785	7845	8354	8516	8688	10193	10316	10335	10649	10809	10811	10838	10953	11054	11231	11675	11768	11878	12031	12131	12208	12402
134	1.0	203	394	406	1025	1102	1467	1580	1587	1670	1744	1807	2121	2155	2161	2222	2486	3107	3279	3686	3943	4300	4983	5074	5134	5163	5691	5743	6236	6284	6954	7019	7564	7688	7952	8419	8997	9299	10041	10138	10399	10400	10787	11031	11147	11179	11735	11907	12436	12537
135	1.0	580	2027	3098	3177	3459	3819	6585	7091	7644	8630	9059	9088	10527	11953
136	1.0	216	595	1332	1555	1735	1965	2223	2512	2616	2706	2775	3000	3120	3439	3584	4149	4253	5343	5451	5562	6386	6803	6843	7084	7146	7819	7897	7944	8569	8626	9221	10052	10175	10292	10314	10706	11655	11724	12464	12551
137	1.0	890	3413	6421	6940	7753	7953	8803	9085
138	1.0	207	470	552	631	682	774	871	2284	2343	3337	3437	4187	5201	6096	6602	7259	7351	7553	8655	8698	8923	9060	9096	9310	10560	11945	12029	12150
139	1.0	146	694	1142	2310	3213	3334	3386	3448	3882	3897	3913	4138	4689	4903	4985	5024	5395	5683	5859	5967	6375	6490	6532	6592	6876	6880	6950	6987	7356	7588	7773	7873	7889	8801	8949	9240	9485	9827	10238	10563	10853	11090	12088	12191	12250	12277	12428
140	1.0	161	361	409	772	839	1276	1372	1561	1602	1649	1855	1868	2122	2240	2283	2360	2430	2655	2817	3078	3168	3271	3324	3891	3900	3911	3989	4049	4128	4356	4661	4706	4720	4725	4807	4870	4882	4951	4952	5267	5285	5415	5537	5566	5634	5651	5879	5948	6271	6351	6360	6631	6749	6820	7299	7426	7511	8012	8037	8071	8080	8362	8436	8504	8568	8586	8681	9245	9278	9460	9479	9500	9628	9630	9634	9907	9970	10032	10534	10851	11025	11093	11146	11181	11279	11347	11441	11450	11596	11685	11748	11893	12076	12118	12119	12156	12296	12382	12485
141	1.0	478	677	722	798	1889	2594	2839	3467	3597	4886	6029	6095	7247	7310	7484	8239	10218	10957	10982	11005	11127	11195	11637	12292
142	1.0	822	942	2338	2582	3154	3362	4800	5420	7240	8207	8749	8756	9303	9532	10541	10792	11298
143	1.0	2	542	734	1140	1621	2257	2485	2627	2734	2899	2995	3056	3099	3146	3227	3427	3585	4032	4216	4388	4506	4529	5244	5923	6025	6718	6723	6917	7179	7366	7630	7920	7954	7971	8059	8098	8783	9062	9094	9297	9625	9642	10771	11159	11214	11236	11282	11555	11623	11663	11998	12342	12359
144	1.0	201	731	892	1285	2681	3111	3211	3674	3877	4234	4405	4731	4745	4880	4924	5329	5619	6049	6443	6728	6752	6783	7805	7908	8068	8117	8129	9209	9389	9418	9684	9977	10024	10065	10253	10324	11091	11115	11782	11898	11932	11978	12582
145	1.0	466	471	741	956	1007	1129	1157	1308	2172	2834	3223	3240	3364	4215	4322	4573	4788	5119	5225	5878	5937	6135	6257	7048	7413	7454	7669	7693	8198	8282	8965	9454	9674	9878	10464	10468	11346	11393	11605	11696	11729	11871	11962	12524
146	1.0	3320	4608	6663	8151	9629	10555	10584	10890
147	1.0	869	914	3028	3840	4034	4605	6572	6837	7094	8330	9868	10556	11447	11543	12247
148	1.0	16	91	247	1144	1849	2433	4898	6065	6707	6963	7703	9311	9367	9882	10325	11633	11674
149	1.0	123	496	581	587	603	903	1065	1766	2351	2503	2725	3218	3360	3901	4363	5493	5601	5688	6500	6537	6608	6772	7551	8178	9206	9583	9819	9870	10066	10886	12559
150	1.0	39	169	199	423	765	1117	1475	1606	2207	2418	2730	2745	2802	2888	3070	3273	3488	4267	4479	4507	5138	5153	5172	5416	5685	6039	6198	6657	6779	6945	7695	8406	8892	9397	9411	10182	10576	10907	11057	11245	11276	11382
151	1.0	336	495	527	1161	1852	3432	3815	4563	5753	6339	6825	6957	7028	7508	7827	7931	8189	8217	8566	8771	9618	10021	10178	11351	12222	12539
152	1.0	116	686	1724	1728	2407	2869	3165	3314	3809	4344	4805	4927	5136	8637	10112	10688	11331	12163
153	1.0	878	1929	2398	2533	4054	4244	4311	4953	5723	5955	7416	9167	9211	9335	9406	10289	11170	12303
154	1.0	387	1257	1289	3917	5100	5431	5897	6206	6553	6830	7444	7601	7745	7977	8386	8552	8974	9220	11646	11960	12376
155	1.0	591	627	790	1058	1170	1800	1870	1974	2112	2455	3048	3366	4514	4586	5358	5366	5721	5922	6052	6335	6406	6573	6574	6842	6882	7274	7367	8172	8199	8437	8819	8917	9153	9771	10558	10614	10662	11914	12039	12166	12285	12288
156	1.0	325	1502	2688	3051	4186	5271	6124	6590	6609	6805	6892	8363	8888	9224	10110
157	1.0	171	451	468	691	797	1057	1196	1197	1207	1521	1607	1894	2425	2629	2709	3053	3707	3822	3865	3987	4158	4182	4199	4521	4750	4920	4938	5002	5018	5157	5179	5357	5554	5611	5752	6324	6348	6415	7254	7300	7761	8839	9011	9149	9392	9518	9538	9725	9727	9797	10265	10973	11129	11314	11364	11652	12034	12224	12248	12424	12496	12557
158	1.0	1344	2306	3062	3583	3650	5751	5959	6251	6725	6775	7161	7270	8534	8672	8977	9391	10306	12254
159	1.0	823	870	1044	1048	1235	1436	1767	2429	2859	3447	3452	3556	3579	3768	4545	4633	4765	5094	5143	5185	5394	5417	5462	5586	5609	5640	6167	6232	6292	6470	6709	6759	6793	6976	7243	7935	8273	8349	8564	8842	10319	10509	10798	11105	11291	11982	12091	12286	12347	12463
160	1.0	5830	6871
161	1.0	270	497	585	714	852	949	1756	2076	2090	2181	3347	3678	4123	4371	4407	4992	5971	6726	7665	8318	9118	10025	10250	10858	10895	11099	11547	11622	11867	12013	12220	12456	12528
162	1.0	139	282	372	881	1365	2543	2713	3699	4332	5197	5223	5682	6295	6434	6437	6886	6914	7226	7314	7410	7853	7895	8492	8865	9214	9361	9624	9762	9769	10356	10397	10844	11355	11375	11499	11903	12068	12242	12425
163	1.0	281	1281	3655	3971	4432	6166	6242	7151	7488	8247	8486	9779	10098	10735	11061	11082	11449	11733	11774	12427
164	1.0	244	695	924	2327	2412	3480	4494	4667	5622	5841	9548	9805	9964	10135	10414	10636	11535	11917	12114	12145	12228
165	1.0	598	940	1539	2130	3795	5661	5745	5972	5984	6173	7237	8027	8174	8447	8641	9318	9999	10827	11482
166	1.0	431	736	1226	1273	2146	2618	2724	3084	3106	3153	3159	3492	4026	4116	4389	4429	5053	5063	5857	6287	6600	6636	6742	6981	7075	7172	7192	7222	7409	7624	8031	8116	8216	8875	8904	9426	9573	10197	10390	10444	10699	10740	11028	11145	11266	11617	11850
167	1.0	61	2075	2117	2580	4815	6168	6170	8186	9413	10395	11389	12096	12448
168	1.0	31	241	286	414	652	665	672	681	785	1143	1592	1668	2311	3076	3623	3664	3693	3973	4141	4176	4203	4239	4256	4617	5091	5187	5327	6053	6162	6202	6227	6235	6447	6471	6583	6675	6810	7069	7119	7127	7250	7714	8345	8356	8654	8741	8818	8966	9021	9171	9429	9487	9886	10011	10107	10199	10428	11200	11352	11827	11839	11846	12502	12504
169	1.0	124	157	303	485	1037	1469	1619	1786	2028	2502	3209	3410	4266	4447	4645	4675	5226	5372	5401	5461	5842	6196	7118	7545	7725	7925	8275	8294	8396	8768	8852	9207	10204	10207	10666	10715	10998	11410	11496	11522	12032
170	1.0	514	550	618	1444	1488	1645	1694	1741	2156	2233	2235	2524	2640	3094	3658	3951	4055	4339	4681	5046	5734	5867	6111	6464	6480	6733	6738	7049	7497	7550	7682	8223	8286	8428	8799	8898	9024	9839	10096	10122	10610	10943	11153	11234	11891	12079	12274	12418
171	1.0	1300	1407	1727	1882	2255	3733	3995	4321	4730	5084	5615	6187	7326	7395	7718	7782	8271	8665	9854	10252	10277	10950	11244	11443	11588	11824	12106	12332
172	1.0	1002	1364	1540	1928	2606	2728	3760	4968	5098	5362	5627	5883	6094	6141	6596	7425	7463	7706	7741	8147	8405	8545	8824	10948	10954	11313	11825	11865	12044	12122	12194	12417
173	1.0	579	1004	2271	3296	3792	4443	4996	5155	5388	5981	6382	6502	6646	6651	6668	6896	7033	8241	8336	8924	9073	9134	9974	10019	10805
174	1.0	249	252	383	1382	2760	5569	5757	5805	5881	5942	6120	6204	7930	8086	8370	8730	8956	9069	9339	10295	10396	10567	10719	11307	11506	11712	12490	12507	12517	12534
175	1.0	4	692	873	1011	1154	2584	3060	3473	4036	4129	4486	5088	5513	5675	6142	6225	6342	6802	6998	7214	7289	7360	7397	7710	8085	8249	8265	8297	8298	8342	8931	9126	9316	9780	9866	9981	10187	10755	11224	11434	11639	11864
176	1.0	314	2187	3025	3298	3445	4097	5188	5308	5666	5769	6277	8755	9290	9989	10683	10975	12465
177	1.0	3375	3751	3826	3997	4162	4455	4622	4723	5456	5828	6164	7235	7730	9074	10537	10969	11223	11656	12211	12577
178	1.0	763	2083	2781	5270	5800	6719	8083	10103	11386	12446
179	1.0	288	656	923	1064	1072	1565	1604	1680	2226	2420	2646	2803	3270	3785	4085	5713	5767	5956	6547	6859	6921	7388	8261	8393	9156	9608	9863	9916	10482	10644
180	1.0	381	540	2221	2408	3420	3516	3998	4337	4421	4850	4962	5171	5561	6276	6685	7569	8192	8525	8732	9098	9325	10205
181	1.0	156	445	535	721	951	953	974	977	981	1453	1511	1564	1927	2289	2592	2800	2805	3014	3127	3339	3700	3814	4557	4591	4794	5043	5578	5631	6176	6281	6300	6306	7258	7687	9928	10505	10960	11001	11011	11014	11164	11219	11295	11541	11966	12159	12518
182	1.0	1031	2062	2528	2711	3318	4156	4814	6400	8679	8714	8750	8963	9222	9590	9813	10035	11032	11072	12073	12221	12324
183	1.0	921	1089	1181	1413	2444	2547	3093	3132	3200	3482	3683	3976	4061	4095	4248	4285	5234	5976	6515	7112	7290	7694	7938	7996	8408	8572	8612	9997	10013	10149	10618	10766
184	1.0	1032	2007	2299	3890	4575	5820	5821	5899	6012	6665	8115	9381	9914	11420	11749	12008	12051
185	1.0	345	1338	1973	2860	2942	3055	3130	3344	3499	4594	4651	5174	5443	5848	6201	6240	6597	6713	6778	7330	8002	8221	8557	8624	9469	9838	9942	10029	10211	10630	10988	11019
186	1.0	831	2410	3541	6309	7137	7298	8392	9386
187	1.0	178	693	1090	1103	1739	2216	2648	2873	3006	5032	6105	6556	6654	7277	7591	8500	9435	10331	11059	11582	12042
188	1.0	463	1323	1677	1892	2105	2810	2902	3453	3510	4254	4470	4560	4906	5183	5921	6543	7107	7860	8424	9721	10451	10634	10718	10747	10958	11188	11734
189	1.0	475	902	1785	2353	2887	3746	6145	6764	9824	10678	10713	10980	11715	12055	12174	12350
190	1.0	69	658	1186	1757	1821	1878	2664	2702	2874	3058	3563	3649	3810	4481	4531	5221	5727	6035	6258	6716	6833	8123	8383	8593	8613	8919	9219	9347	9531	9832	9850	9921	10186	10254	10519	10601	12028	12304	12386
191	1.0	0	378	572	584	624	907	1267	1270	1419	1543	1569	1631	1787	1818	2035	2040	2050	3275	3346	3351	3426	3586	3859	4080	4715	4727	5241	5250	5474	5995	6037	6104	6149	6178	6181	6299	6305	6986	7134	7494	7674	7723	7754	7833	7999	8032	8201	8813	9162	9181	9249	9345	9491	9586	9892	10001	10045	10064	10166	10418	10745	11053	11133	11177	11369	11446	11769	11837	11944	12053	12099	12236
192	1.0	43	173	1353	2280	2639	3109	3373	3778	4005	4146	4621	4748	6137	6503	6786	7182	7211	7224	7342	7796	7817	8045	8379	8867	9490	9969	10266	10283	10807	10939	11589	11666	11822	11845	11858	11915	12148
193	1.0	42	704	1750	1791	2186	2788	3753	4454	5283	5382	5912	6410	6412	6924	7707	7842	8339	9259	9269	9465	9758	10461	10676	11428	11795	11991
194	1.0	446	1259	1341	1696	2252	3333	5081	5515	5888	6735	7899	9788	10516	10675	11202	11425	11548	11662
195	1.0	6042	8853
196	1.0	217	611	1845	2297	2400	2551	2857	3009	3398	3963	4639	4726	4994	5017	5164	6625	6627	6780	7407	8018	8418	9941	10095	10267	10565	10760	10978	12561	12562
197	1.0	762	1492	7153	7361	7383	7776	9736	10015	10202
198	1.0	251	293	306	575	636	1155	1188	1409	1669	1847	2033	2068	2308	2365	2508	2585	2741	2806	2814	3104	3316	3714	3969	4391	4435	4598	4876	4948	5015	5148	5786	5812	6263	6363	6504	6666	6925	7098	7100	7126	7282	7341	7458	7514	7568	7658	8078	8402	8657	8719	9127	9261	9301	9574	9581	9695	10026	10082	10156	10430	10493	10802	10916	11374	11476	11508	12408	12481	12553
199	1.0	534	1622	2332	2660	3045	3526	3698	4462	4652	5290	5768	5882	6928	7352	8280	8577	8703	8705	8906	8929	9087	9656	10074	10574	10925	11119	11221	11379	11892	12334
200	1.0	95	182	352	412	764	1490	1988	2114	2385	2488	2565	2693	2863	2944	4442	4837	4991	5770	5836	5872	6069	6438	7604	7778	8536	8653	9164	9865	10094	10703	10860	11097	11283	11344	11980	12271	12273	12407
201	1.0	2529	3341	4210	5518	8368
202	1.0	53	98	544	755	1069	1159	1386	1529	1887	2359	3192	3332	3336	3521	3724	4220	4581	4853	4970	4998	5051	5092	5763	6134	6144	6355	6381	6640	6840	7283	7363	7700	8014	8250	8358	8914	9080	9266	9511	9678	10165	10307	10452	10759	10932	11489	11688	11743	12579
203	1.0	854	1833	1851	1976	2179	2931	3354	4068	4851	5045	5229	5457	5647	5963	6614	6807	6835	7650	7755	8039	8276	8498	8589	9086	9982	9984	10069	10088	10937	11409	11692	12414
204	1.0	297	720	1291	1452	1558	1627	2097	2658	2955	3384	3444	3817	4243	5873	7187	7384	7474	8635	9081	9124	9205	9529	10830	11228	11325	11542	11720	11948	11989	12115	12393
205	1.0	547	548	1198	2395	2548	2747	2992	4284	5248	5418	5604	6092	6344	6377	6860	7614	7617	7649	8744	9157	9175	9312	9478	9623	10765	11297	11529	12183	12560
206	1.0	622	1376	1646	3494	3954	4878	5133	6724	8042	9004	10483	10854
207	1.0	330	488	533	606	875	1030	1296	2303	3183	3477	3665	3729	3758	4209	5150	5367	5459	5772	5934	6308	6478	6499	6558	6673	7025	7546	7820	7837	8005	8460	8491	8798	8984	9102	9626	9985	10091	10627	11381	11565	11635	12129	12365	12373	12486
208	1.0	135	140	313	737	894	1701	1722	1869	2302	3325	3772	3805	3955	4043	4325	6136	6233	6436	6855	7490	7728	7939	8971	10284	10436
209	1.0	219	700	1368	2340	2415	3505	4728	5946	7464	8211	8501	9449	10434	10855	10891	11339	11448	11552	11700	11817
210	1.0	14	38	702	1877	2006	2192	2234	2346	2417	3089	3263	3985	4081	4359	4364	4373	4489	4525	4548	4580	4935	4976	5249	5336	5355	5384	5522	6489	6748	6942	7030	7202	7322	7491	7781	7786	7826	7851	8450	8616	8691	8809	8939	9172	9442	10002	10040	10410	10624	10876	11037	11140	11235	11337	11399	11629	12049	12146	12246	12320
211	1.0	519	558	626	851	1841	3317	3491	3774	4076	4312	4816	4873	6379	7584	7735	8364	9077	9119	9295	10273	10290	10339	10416	11479	11809	11964	12225	12309	12474
212	1.0	113	410	784	1301	1412	1568	2442	3315	3493	3613	3966	4115	4517	4577	4865	5176	5277	5999	6851	6853	7655	7736	8066	10237	10625	10961	11293	11621
213	1.0	289	359	483	1109	1218	1711	2000	2522	3170	3532	3984	4360	4537	5057	5305	5847	7563	9150	10036	10594	11158	11781
214	1.0	51	159	733	771	796	896	1551	2733	3065	3080	3687	3704	3842	4101	4400	4437	4674	4847	5427	5840	5925	6048	6326	6952	7365	7774	7775	7982	8019	8253	8438	8455	8509	8884	9889	10302	11103	11607	11667	12460
215	1.0	3646	10227	11287
216	1.0	111	630	1027	1442	1898	2862	2884	4793	5272	6642	6800	7011	7292	7556	8461	10877	11650
217	1.0	828	1482	2966	3101	3169	3264	3720	3741	3852	4539	4705	5145	5507	5808	5903	7035	7213	7916	8998	9782	11187	11211	11760	12037	12411
218	1.0	57	1528	1584	3054	3974	4468	4572	5579	9672	9754	9988	12056	12065	12261
219	1.0	411	472	934	1464	2002	2206	2269	2423	2481	2538	2563	2822	3019	3415	3519	3578	3626	3780	3988	4500	4757	4936	5198	5543	5672	5961	6003	6260	6615	6629	6913	6968	6990	7000	7174	7313	7696	7752	7880	7975	8233	8236	8390	8470	8542	9300	9615	9856	10062	10312	10368	10631	10732	10804	11040	11051	11168	11604	11742	11799	11813	12071	12170	12378
220	1.0	4401	5034	7132	9071	11568
221	1.0	344	998	1126	1930	3394	3470	3728	3775	4599	4844	5169	5711	6298	6314	6739	7600	7810	7950	7994	8650	9001	9503	9752	11183	11889	12307
222	1.0	2133	3079	3385	4194	4616	5347	5978	6467	6534	6702	7448	8530	8540	10617	11471
223	1.0	2787	4223	4556	6844	6846	7147	7203	9138	9919	11255	11684
224	1.0	68	136	287	402	1236	2872	3220	3226	3376	3515	3696	4607	4777	5215	6148	6211	6226	6460	6595	6999	7139	7220	7417	8063	8591	8631	8704	9567	9621	10191	10215	10365	10586	10923	11002	11084	11102	11531	11842	12187
225	1.0	44	84	391	434	1253	1525	1776	1942	2124	2287	2316	2391	2631	2636	2905	3827	4263	4326	4404	4679	5698	6089	6495	6598	7471	7606	7615	7800	7830	7933	8228	8677	8976	9117	9145	9321	9370	9636	10606	10892	11424
226	1.0	65	625	759	1658	1704	4159	6395	6828	7131	7230	9089	10275	11372
227	1.0	936	1552	1743	2826	3513	4922	5055	5354	5953	6290	6531	7922	9144	9730	10124	10208	10258	10281
228	1.0	10	209	832	1280	1282	1340	1485	1522	2278	2613	2940	3260	3570	5180	5487	5737	6562	7082	7306	8220	9799	10593	10820	10847	11281	11777
229	1.0	670	842	1041	1530	2375	2611	3737	3837	4130	4318	5147	5376	5717	5791	5856	5877	6019	6156	6218	7135	7163	7577	7758	8128	8449	8686	9137	9355	9551	9633	9692	9764	9910	9976	10027	10196	10466	10968	11343	11744	11810	12258	12357	12431
230	1.0	133	175	460	760	2173	2720	3269	3374	4343	4552	4790	5151	5575	6063	6180	6680	6758	6845	6869	6944	7909	8881	9488	9604	9872	9908	10201	10522	10714	11292	11463	11602
231	1.0	6831	8769
232	1.0	635	835	1644	2722	2768	3115	3313	3486	4110	4133	4396	4536	4663	5730	6059	7506	7535	7633	7835	7959	8314	8328	8347	8422	8958	9296	9933	10010	10272	10423	10524	10603	11862	11881
233	1.0	205	8864
234	1.0	3479	8887
235	1.0	393	799	897	1990	2031	2687	2754	2758	2868	4048	5524	5546	6784	7189	7196	7216	7386	7677	8901	9275	9369	9700	9897	11811
236	1.0	522	1422	1557	3321	3921	4090	6416	6476	6903	7088	7468	8767	10086	10767	10933	11263	11500	11523	11626	11974
237	1.0	1605	3902	4192	4671	4999	5580	5762	6190	6221	7212	7619	7659	7893	8149	8180	8553	9622	10133	10134	10382	10654	11319	11536	11581	12010	12241
238	1.0	1585	1944	3134	3368	3595	9957	10549
239	1.0	250	457	503	2871	2996	3372	3511	4463	5673	6088	6790	7473	8053	8361	8670	8896	9143	9947	11251	11632	11761	11778	12001	12385	12430	12472	12544
240	1.0	77	277	294	945	1187	1533	1664	1947	2049	2971	3039	3092	3790	4623	4702	5130	5645	5809	6007	6058	6259	6682	6731	6808	7043	7527	8284	8597	8617	9159	9327	9409	9585	9677	9883	9959	10322	10489	10929	11069	11106	11334	11402	11426	11527	11649	11690	11909	11972	12141
241	1.0	167	349	1141	1824	3176	3668	4112	4330	5014	8169	8355	8539	8841	10087	11268	11484	11897	12232	12358	12360
242	1.0	659	1404	3791	4298	4911	5500	5787	5941	6197	6446	7529	8152	8646	9444	9785	9789	9837	9904	10348	10405	11445	11456	11658	12089	12400
243	1.0	187	1111	2382	2680	2698	3214	3530	4280	4579	4670	4942	5083	5191	5837	6450	7419	7443	7503	7635	8153	9257	9344	9544	9683	9953	10106	10554	10786	11514	11557	11694	12011	12155	12328	12505
244	1.0	1168	1222	2025	2783	3880	4690	4972	5681	6743	8105	9647	9861	10333	10641	12571	12580
245	1.0	106	1026	1535	1548	1671	2896	3233	3390	3502	3781	3934	4135	4197	4523	4554	4718	4755	5042	5060	5090	5111	6414	6566	6650	6670	6931	6959	7014	7053	7085	8021	8582	8716	9253	9267	9334	9747	10006	10109	10155	10502	10799	11030	11363	11503	11516	11776	11788	12117	12215	12488
246	1.0	753	1286	1574	2404	2638	2842	2978	3205	3383	4060	4448	5061	5182	5302	5496	5739	7757	8185	8446	8991	9228	9271	9307	10661	11242	11308	12134	12348	12392
247	1.0	284	861	989	1510	2855	2938	2979	3143	3831	4166	4665	4980	4993	6798	7136	7309	7327	7760	8279	8781	9711	9829	10048	10219	10361	10578	10655	11012	11289	11566	11765	11900	12354
248	1.0	238	363	432	578	777	801	827	906	1381	1793	1896	2468	3419	4680	4932	5166	5482	6199	7040	7295	7948	8375	8600	8715	9610	10679	10872	11067	11766	12002	12574
249	1.0	36	122	730	972	1077	1131	1479	1778	2886	3542	3610	3839	4056	4136	4139	4217	4251	4386	4792	5699	6323	6620	6822	6919	7012	7093	7302	7581	7872	7993	8184	8230	8758	9194	9212	9719	9894	10121	10200	10711	10873	11586	11624	11841	11869	11971	12388	12444	12555
250	1.0	280	957	1260	1612	1809	2307	4046	5004	5132	5293	5476	7178	7311	7667	8710	9481	9936	10146	10223	11018
251	1.0	802	1042	1582	2198	2231	2891	3378	4423	4783	4984	5719	5758	6402	6520	6747	7046	7839	8384	8806	8843	10224	10276	10819	11152	11247	11554	11562	11564	11890	12047	12586
252	1.0	78	642	838	857	1220	1249	1428	1527	1717	1749	1814	1819	1949	2081	2104	2250	2827	2832	2882	2959	3057	3203	3552	3652	3654	4044	4695	4974	5301	5509	5517	6861	6899	7003	7060	7109	7149	7353	7675	8327	8778	8922	9471	9506	9689	9901	10239	10494	10621	10746	10814	10996	11007	11193	11671	11728	11828	11873	12012	12059	12302	12536
253	1.0	1455	2743	3844	3942	4094	5702	6809	7748	8800	11008
254	1.0	679	918	3108	3280	3503	3931	4905	5219	5392	5985	6074	6546	6974	7549	8013	8210	8802	8954	9374	10538	10934	11184	11387	12252
255	1.0	193	582	1128	1184	1343	1782	2213	2239	2337	2570	2883	3219	3241	3319	4636	4712	4965	5160	5303	5484	6256	6349	6617	8091	8158	9041	9078	9572	10901	11315	11504	11790	11860
256	1.0	76	452	933	976	1223	1620	1806	2057	2137	2487	2550	2751	2763	2903	3600	3648	3899	4084	4269	5208	5210	5478	5574	5582	6046	6214	6343	6359	6618	6660	7016	7020	7073	7166	7252	7435	7479	7832	7958	8064	8442	8508	8622	8856	8985	9448	9802	9831	9990	10278	10328	10530	10660	10758	10883	11034	11071	11754	12188	12204	12564
257	1.0	27	87	467	486	820	1263	1435	1523	1719	2096	2185	2729	2835	3446	3487	3642	3820	3850	4273	4553	4833	5105	5479	5618	5929	5932	6269	7671	7711	7721	8456	8603	8883	9173	9419	10111	10152	10701	10754	11070	11396	11986
258	1.0	49	94	148	396	490	500	525	868	912	1014	1720	1770	1957	2093	2107	2495	2514	2552	3186	3522	3534	3619	3982	4103	5022	5365	5555	5659	5822	5911	6465	6606	7957	8011	8016	8213	8471	8475	8528	8777	8822	8854	8938	8980	9405	9496	9596	9743	9840	10327	10515	11055	11277	11680	11929	11973	12085	12097	12396
259	1.0	202	1043	1231	1297	1405	2164	2622	2853	3229	3533	3550	4403	4866	4929	4957	5101	5269	5635	5924	5947	6216	6457	6943	7398	7467	7561	7978	8140	8382	8499	9279	10379	10403	10648	11212	12230	12282
260	1.0	415	1614	2843	3245	3863	4358	4686	4701	4859	5242	5690	5741	6032	7719	9066	9676	9798	9895
261	1.0	37	728	1238	2619	3114	3573	3685	4719	5010	5114	5434	6799	7164	7900	8348	11430
262	1.0	248	1358	1384	1679	2892	3142	4384	4854	5066	5433	5463	5668	6365	7280	7631	7697	7910	8081	8182	8731	9097	9284	9377	9992	10310	10421	10708
263	1.0	454	966	1172	1775	2590	3063	3379	3761	3833	4460	6061	6635	7320	9032	9929	10775	11304	12017	12280	12510
264	1.0	127	367	455	671	1393	1837	2581	2656	2739	3202	3745	3935	6512	6878	7029	7579	7806	8234	8614	9890	10367	11902	12127	12532
265	1.0	1760	1859	3149	3462	4167	4527	5216	5532	5850	5939	6891	7193	8816	9256	10070	11309	11478	12081
266	1.0	11	54	365	590	608	698	726	1005	1123	1370	1378	1401	1487	1494	1515	1673	1772	1827	1912	2089	2593	2625	2643	2746	3292	3400	3616	3659	3701	3713	3956	4335	4418	4600	5073	5289	5353	5558	5754	5884	5916	5996	6302	6700	6734	6918	7555	7609	7628	7941	8030	8108	8514	8779	9008	9068	9070	9084	9168	9603	9708	9879	10350	10442	10781	10994	11256	11405	11437	11923	11946
267	1.0	646	1978	2837	2889	2968	3295	3661	3672	3816	3832	4275	4414	4751	5194	5468	5590	6649	6916	7466	7621	7664	7836	8933	8994	9135	9196	9368	9499	9569	10362	10463	11473	11505
268	1.0	1913	3930	5324	5892	6493	7350	8177	8834	9012	9054	10332	10757	10924	11191	11208	11288	11789	11855	11947
269	1.0	290	304	433	499	560	752	1206	1753	2738	2914	3049	3536	3979	4037	4204	5095	5298	5715	6005	6200	6333	7065	7824	7918	8145	8371	8453	8476	8666	8845	9682	9709	9815	10145	10945	10995	11086	11243	12476
270	1.0	142	628	740	1303	1380	1811	2029	2381	2482	2620	2736	2845	3434	3603	3644	3834	4252	4293	4646	4916	5104	5273	5583	5630	6085	6557	6737	6792	6829	6867	7038	7242	7727	8300	8562	8707	9697	10177	10457	10626	10902	10997	11218	11794	11821	11935	12041	12281	12440
271	1.0	48	176	1120	1862	2242	3949	4290	4426	4638	5110	5213	5512	5610	5865	6580	6706	6961	7229	7560	7921	7929	9090	10294	10885	11142
272	1.0	370	400	493	564	637	746	756	969	1038	1470	1610	2086	2145	2248	2315	2416	2456	2459	2505	2642	2807	2821	3161	3382	3627	3636	3856	3947	4004	4006	4434	4465	4526	4589	4644	4700	4918	5206	5576	5706	6345	6352	6527	6648	7305	7328	7642	7656	7821	8136	8144	8156	8307	8416	8454	8527	8565	8701	8785	9187	9365	9414	9421	9494	9844	9873	9885	9899	9962	10116	10130	10687	11064	11628	11670	11753	11840	12262	12310	12466	12511
273	1.0	312	377	592	667	866	919	959	990	1424	1450	1456	1779	2001	2367	2399	2518	2557	2993	3105	3122	3201	3540	3633	3851	4045	4154	4340	5281	5345	5966	6191	6768	7412	7859	8365	8377	8648	8821	9252	9353	9852	9978	10433	10448	10473	10905	11098	11125	11710	11930	11951	12063	12185	12415	12433	12509
274	1.0	72	262	322	444	448	887	1148	1420	1781	2277	2380	2583	3327	3425	3777	4126	4301	5306	5636	5994	5998	6579	6730	7662	7844	8179	8359	8459	8770	9328	9398	9652	10093	10180	10431	10439	11804	12363	12437
275	1.0	9	256	1254	1461	1603	2119	2744	2847	2915	2981	3812	4069	4475	4724	4883	5113	5693	6150	6266	6757	6813	7294	7678	8121	8137	8982	9693	9808	10710	10951	11618	11796	11844	12345
276	1.0	331	334	435	787	1000	1311	2046	2063	2301	2397	2748	2798	2818	3052	3236	3274	3789	4027	4064	4235	4278	4966	5245	5539	5687	5777	5852	5869	6789	6826	6890	6946	7052	7077	7262	7286	7530	7914	8324	8420	8796	8815	8915	8967	9447	9552	9594	9650	9821	10220	10280	10398	10415	10492	10783	10823	11196	11798	12080	12112	12179	12301	12308	12397
277	1.0	130	311	1175	1457	2059	2201	2366	2989	3102	3231	3964	4555	4747	5802	6445	6453	6488	6529	6980	7051	7273	7685	7808	7811	7829	8090	8458	8878	9703	10330	10622	11113	11727	11815	12267	12283
278	1.0	1299	1357	1920	2166	2211	2424	2856	3458	3495	4050	4798	4954	6146	6237	6320	7165	7170	7185	7209	7332	7919	9456	9575	11128	11180	11207	11533	11709	11826	11896	12128	12416
279	1.0	221	589	853	1327	1609	1993	2273	3629	4424	4813	5740	5935	6473	6970	7325	7370	7430	7544	8304	9446	9535	9649	10696	10904	11271	11861
280	1.0	160	327	638	690	1118	1130	1588	2610	2659	3041	4111	4452	5502	5587	5965	6318	6329	6643	8321	9028	9048	9091	9192	9282	9809	10785	10869	11416	11773	11787	12343
281	1.0	2125	5930	6317	6785	7225	7639	8146	8717	8808	8957	9358	9841	9864	10161	12461
282	1.0	397	961	1895	1980	2598	3322	3676	4279	4841	4926	5261	5389	6009	6612	6621	6788	6973	7246	7812	8009	8124	8615	8748	8862	9197	9521	9891	10038	10608	11866	11968	11992	12027	12184	12512
283	1.0	28	278	689	1247	1392	3174	3717	3876	4258	4634	5797	6479	6581	6690	7281	8711	9065	9360	11100	11107	11371	12140
284	1.0	64	164	532	666	1173	1737	2203	2437	2782	3237	3509	4145	4439	4863	5030	5550	5559	6123	7068	7245	7583	7602	7603	7924	7947	8106	8322	8372	8860	9457	9937	10144	10543	10717	11378	11775	12368	12383	12449
285	1.0	804	834	929	1693	1789	1792	1975	2674	3194	3524	4119	4520	5071	5344	5498	5501	6177	7090	7296	7368	8669	9018	9129	9641	10668	11365	11572	11905	12143
286	1.0	2345	2779	4109	4566	4753	4899	5129	6477	6989	7647	8246	9492	10198	10282	10684	11165	11258	11954
287	1.0	50	73	840	1840	2305	2403	2421	2951	3268	3651	4067	4127	4497	5247	5399	5486	5807	6279	7359	7636	8474	8788	8937	9230	9459	9923	10225	10437	10513	10564	11095	11495	11595	11911
288	1.0	1508	2829	4590	5412	8376	9125	9132	10388	10681
289	1.0	348	1110	1648	1964	2579	2780	3023	3067	3703	3933	4140	4351	5023	5707	6633	7007	7121	7746	8193	9076	9105	9477	9528	10081	10354	10600	10966	11435	12497	12581
290	1.0	939	1081	1139	1652	2236	2246	2520	2662	2772	2954	3198	3303	4226	4493	6849	7002	8017	9434	9716	10296	11678
291	1.0	1085	2013	2333	2530	2695	3162	4469	4610	5212	6028	6454	6634	6644	7063	7791	7879	7991	8001	9231	10164	10456	10470	10863	10922	10930	11233	11483	11746	12251
292	1.0	71	226	439	465	617	1202	2024	2209	3811	4303	4601	5467	6624	7194	7434	7737	7804	7840	7863	8301	8709	8743	10485	10739	11373	12218	12545
293	1.0	858	1350	1360	1414	1417	1437	1440	1499	1550	1910	1984	2435	2691	3113	5260	5704	5843	6018	6038	6584	7061	7307	7566	7867	8197	8644	9262	9384	9920	10128	10413	10469	10523	10546	10796	11003	11376	11465	11580	12293
294	1.0	318	530	612	849	915	1279	1310	1703	2784	3228	3277	3464	3544	4611	4673	5205	5278	5425	5989	6252	6380	6420	6582	6933	7104	7175	7288	7942	7980	8073	8329	8351	8410	9255	9258	9394	9972	10693	10726	10875	10946	11010	11468	11681
295	1.0	601	1191	2555	3285	3702	4225	6062	6823	8074	8112	9251	9651	9971	10232	11770	12238	12327	12412
296	1.0	520	943	1514	2509	2675	2828	3173	3225	3830	4547	4791	4930	5040	5338	5594	6265	6272	6549	6632	7232	7423	8028	8560	8702	8830	8996	9555	10072	10176	10188	10476	10637	11249	11513
297	1.0	428	1790	2084	2191	2402	2961	3547	3689	3723	4281	4430	7358	8774	10652	10728	12442
298	1.0	1195	1347	2339	2513	2575	2870	2986	3757	4107	4917	5209	5455	6193	6230	6327	6374	6426	7054	7197	7670	7713	7928	8254	8290	8448	8573	8723	9026	9029	9504	9702	9877	9940	9944	10007	10148	10616	10750	10836	11124	11162	11949	12279	12401
299	1.0	335	732	829	1356	1904	2165	2890	3180	3747	3929	4305	4551	4877	4910	4919	6310	6838	7138	8170	8503	8521	8720	8811	11149	11167	11227	12138	12520
300	1.0	3	56	668	883	1213	2003	2044	2300	2314	2480	2880	3423	3640	3806	4015	4170	4708	5264	5991	6022	6064	6312	6938	7032	7318	7346	7522	7762	7905	8640	9352	9364	9635	9729	9755	9811	9812	9843	11056	12406
301	1.0	5	86	107	152	158	165	172	212	213	227	240	275	283	332	354	484	524	538	545	554	559	599	634	664	669	673	687	710	818	860	864	952	955	965	988	992	1003	1036	1108	1127	1200	1219	1258	1292	1324	1366	1374	1501	1503	1504	1519	1542	1554	1566	1567	1589	1628	1653	1687	1712	1748	1798	1823	1902	1922	1959	1982	2043	2055	2134	2148	2162	2170	2193	2268	2324	2373	2525	2540	2589	2591	2607	2649	2672	2677	2731	2785	2791	2854	2906	3024	3112	3139	3155	3215	3310	3311	3330	3345	3361	3365	3377	3442	3463	3508	3560	3621	3722	3735	3750	3864	3893	3914	3941	4028	4031	4098	4221	4227	4242	4274	4295	4297	4313	4377	4378	4409	4431	4433	4516	4538	4569	4596	4648	4687	4709	4713	4729	4740	4760	4761	4785	4836	4864	4890	4900	4946	4987	5007	5027	5075	5079	5087	5102	5137	5154	5162	5167	5207	5297	5385	5413	5541	5577	5589	5612	5621	5628	5650	5654	5660	5686	5708	5726	5750	5816	5851	5875	5904	5977	5997	6013	6101	6106	6116	6217	6248	6254	6296	6350	6370	6387	6393	6413	6506	6526	6576	6661	6717	6720	6727	6773	6868	6955	6965	7036	7095	7140	7152	7156	7199	7236	7335	7337	7405	7411	7517	7572	7573	7575	7589	7684	7712	7733	7738	7744	7747	7756	7784	7799	7815	7875	7896	7901	8038	8131	8161	8176	8190	8205	8287	8289	8326	8373	8493	8581	8605	8658	8661	8712	8797	8817	8844	8895	8930	8941	9009	9063	9079	9099	9123	9186	9204	9215	9218	9254	9268	9304	9314	9331	9356	9373	9401	9424	9452	9458	9464	9512	9546	9549	9560	9566	9612	9627	9644	9659	9661	9680	9694	9749	9766	9770	9816	9826	9858	9902	9968	9995	10085	10159	10171	10174	10285	10298	10301	10323	10336	10343	10374	10480	10504	10518	10557	10611	10628	10656	10657	10672	10712	10756	10789	10801	10818	10852	10861	10989	11027	11047	11058	11074	11078	11080	11088	11172	11185	11199	11203	11205	11210	11267	11269	11342	11348	11368	11460	11462	11477	11517	11544	11546	11549	11560	11593	11643	11664	11672	11677	11731	11745	11829	11854	11863	11912	11916	11924	11925	11939	11940	11950	11955	11967	12016	12018	12023	12046	12062	12111	12171	12180	12199	12216	12235	12240	12245	12297	12299	12405	12434	12470	12491	12508	12556
302	1.0	464	473	518	640	789	1265	2200	2215	2331	2347	2354	2797	2804	3059	3535	3670	3992	4003	4093	4108	4164	4189	4320	4501	4887	4909	5200	5332	5854	6041	6153	6540	7201	7338	8214	8258	8682	9363	9660	9761	9787	10271	11175	11518	11679	12064	12200	12331
303	1.0	1006	1018	1416	2295	2844	3754	3978	4260	4823	6119	6712	7613	8082	8133	8928	9169	9263	9818	9956	11786	12050
304	1.0	138	474	701	1474	3266	3403	4185	4289	4799	5068	6099	7263	7871	7986	7992	9404	9778	10392	11163	11432	12569
305	1.0	450	769	1730	1812	2113	2921	5902	6451	6949	8380	8411	8874	9733	9954	11006	11493
306	1.0	2384	2974	4104	4368	4632	5449	5776	7009	7498	8248	9402	9691	9925	9932	10049	10054	10153	10568	12094
307	1.0	233	526	830	1122	1729	1867	2042	2053	2106	2238	2428	2865	3124	3282	3443	3539	3653	3692	4010	5005	5508	6285	6301	6766	6862	7279	7453	7531	7570	7729	7904	8004	8072	8075	8487	8673	9174	9376	9383	9746	9834	10057	10119	10870	11079	11317	11338	11525	11550	11597	11719	11726	11797	12353
308	1.0	269	2254	2447	2473	2562	2881	3123	3125	3357	3392	3630	3767	4593	4787	6040	6203	6244	7369	7391	7424	7543	7834	8132	8532	8739	9191	9748	9967	10613	10647	10772	11225	11926	12120
309	1.0	237	633	1266	1463	1659	1799	1829	1893	1962	1997	2174	2264	2266	2293	2325	2544	2560	2637	2678	2846	3350	3500	3813	4362	4375	5122	5728	5968	5979	6152	6559	6885	6932	7200	7375	7541	9407	9602	9668	9869	10279	10376	10386	10474	11121	11290	11461	11571	12270	12426	12530
310	1.0	22	125	811	1328	1449	2065	2194	2492	2577	2670	2712	2877	2909	2913	2997	3043	3148	3288	4365	4534	4609	4822	5259	5334	5373	5516	5657	6485	6530	7627	7848	7963	8061	8157	8196	8497	8555	9498	10440	10897	11362	11457	11474	11762	11884
311	1.0	405	438	889	1020	1465	1826	1923	2147	2178	2232	2536	2773	2776	2947	3133	3478	4208	4393	4472	5316	5387	5400	6131	6565	6687	6767	7344	7559	9002	9216	10303	10551	10659	10970	11722	12473
312	1.0	814	1121	1692	2465	2952	3066	3561	4131	4257	4519	4626	5193	5646	6528	7047	7066	7574	7683	8488	8502	9229	9354	10257	10965	11833
313	1.0	1211	1354	1466	1537	1608	1613	1695	2809	3027	4181	4697	5048	5439	5460	6030	6362	6623	7548	7750	8787	8897	8995	9484	10075	11440	12205
314	1.0	59	162	523	886	1228	1377	1547	1690	1908	2077	2110	2341	2609	2878	3937	5254	5511	5748	5794	6563	6587	6824	6908	7539	7972	8668	9025	9160	10031	10472	11741	11933
315	1.0	147	220	429	745	1710	1725	1955	2265	2469	3358	4717	4767	4861	5825	6278	6679	7343	7780	7985	8191	8880	9760	9912	10248	10249	10259	10782	11630	11931	12291
316	1.0	2885	9505
317	1.0	309	508	586	703	1635	1875	2023	2099	2272	2370	2624	2898	3030	3569	3660	4543	4647	4806	4818	4884	5326	5458	6011	6109	6405	6567	6569	6705	6910	7637	8457	8506	8523	9393	9533	9909	10012	10499	10535	10778	10794	10825	11537	11648	12074	12152	12294	12587
318	1.0	109	230	337	950	1180	1224	1906	2498	2647	2755	4294	4376	4498	4620	5810	6321	6744	7064	7076	7181	8227	8243	8295	8299	8331	8634	8676	8678	8877	8890	8908	8987	9241	9309	9598	9871	10507	10591	10723	10733	10788	11284	11412	11785
319	1.0	684	761	880	2312	2392	2635	3874	4268	4509	4650	4982	5044	6911	8674	8684	8733	11397	12192
320	1.0	511	744	1063	1918	2210	2227	2838	2943	3308	3428	3738	3770	4264	4904	5239	5407	5667	5755	6031	6328	7145	7215	7396	7767	8142	8598	8610	9189	10391	10478	10561	10695	11016	11043	11169	11215	11366	11390	11732	11906
321	1.0	2752	3248	3924	4001	4752	5891	6207	6307	8167	8480	8772	9545	10210	12024
322	1.0	1	735	1751	2088	3096	3294	3749	4020	4241	4484	4698	4892	5258	6994	7058	8200	10979	11995	12452
323	1.0	101	739	1468	1531	1581	3224	3520	4277	4613	4768	4789	5514	6129	6560	6750	6791	7764	7802	7822	8084	8828	8935	8999	9289	9906	10605	10900	11206	11239	12035	12186
324	1.0	416	529	1061	1534	2281	2378	3438	3743	4014	4021	4398	4530	5325	5531	5792	7881	8043	8951	9439	11322	11469	11532	12341
325	1.0	650	2296	2682	3546	4971	5313	7042	8252	8306	9874	10189	10749	11068	11294	11609	12052
326	1.0	121	299	343	657	783	841	1113	1458	1498	1611	1702	1886	3095	3255	3422	3531	4066	4121	4246	5294	5360	5603	5829	6055	6667	8484	8625	8805	9042	9083	9243	9390	9514	9751	9961	9991	10481	10899	11026	11049	11577	11738	12249	12522
327	1.0	308	610	697	749	982	1176	1319	1802	1804	2095	2761	2935	2945	3012	3140	3523	4436	4466	4612	4803	5158	5475	5606	7223	7321	7562	8944	9147	10167	10571	10575	10936	11384	11451	11507	11693	11783	12330
328	1.0	551	833	1246	1688	1948	1967	1971	2054	3235	3247	3632	3748	4017	4078	4152	4380	4416	5013	5070	5222	5528	6224	6554	6741	6956	7041	7509	7783	7885	8101	8218	8225	8256	8378	9092	10170	10236	10251	10460	10842	11015	11706	11763	12005	12104	12284
329	1.0	30	970	1029	1078	1454	1553	2160	3008	3253	3304	3408	3614	3620	3731	4349	4775	4960	4975	5175	5263	5464	5477	5771	6097	6192	6268	6548	6887	6982	7221	7239	7586	7597	7855	7926	8023	8069	8244	8263	8366	8510	8601	8926	9550	9670	10033	10129	10580	10914	10915	11052	11510	11619	12026	12124	12244
330	1.0	11041	11816
331	1.0	40	112	267	683	920	1028	1075	1119	1150	1647	1662	1850	1872	2256	2261	2342	2467	2489	2504	2679	2936	3195	3196	3402	3441	3896	4595	5181	5339	5607	5931	6034	6139	6219	6516	6984	7080	7129	7451	7532	7970	8048	8323	9288	9537	10345	10503	11156	11487	11498	11977	12060	12371	12501	12549
332	1.0	266	536	1199	1234	1243	1838	1897	2334	2438	2566	2569	2578	2762	3042	3199	3252	3469	3867	3881	3968	4147	4168	4177	4345	4741	4947	4981	5322	5337	5616	6418	6433	6765	6834	6856	7461	8255	8452	8792	8921	8948	9158	9326	9701	9806	9846	9952	10229	10632	10640	11521	11665	11803	12266	12379
333	1.0	425	614	1408	1803	1861	3182	3323	3628	3786	3807	4682	5008	5722	5914	5919	6832	6857	7106	8092	8229	8541	8835	9712	10353	11578	12004
334	1.0	355	775	1326	2737	3571	4382	4602	4625	5089	5383	6449	8006	8270	8316	8752	9359	10050	11740	11793	12105	12333	12503
335	1.0	809	1638	1937	1958	2554	2650	2850	2851	3732	3967	4211	4694	4925	5106	5140	5548	5861	6577	6658	6978	7160	7668	7846	8736	8814	8840	8846	9039	9234	9592	9600	10947	10986	11138	11717	11852	12527
336	1.0	602	813	1335	1698	2867	2908	2948	3002	3673	3726	3773	4271	4308	4381	4461	5190	5307	5497	6080	6551	7902	8242	9539	10099	11094	11431	11459	11481	11849	12072
337	1.0	1151	1174	1227	1876	3073	4183	4338	4749	4933	6267	6297	8700	9620	9688	11470	11848	11997	12311
338	1.0	58	971	1229	1363	1783	2441	2470	3010	3016	3020	3210	3875	3895	4172	4592	4867	5127	5819	6715	7055	7319	7770	8662	8675	9441	9772	10309	11415	12259
339	1.0	108	389	487	1665	2072	2344	4334	4524	5444	5471	5485	5773	7329	8141	8417	8725	9351	9744	10151	10438	10748	10866	10908	10920	11723	11835	12066	12181	12420	12526
340	1.0	17	97	214	413	685	985	1345	1697	2197	2320	2895	3197	3206	3418	3577	4758	5077	5626	5663	6130	6159	6371	6389	6403	6459	6613	6626	7130	7807	8096	8237	8836	8952	9154	9408	9423	9427	9734	9900	10242	10620	10817	11122	11230	11321	11676	11961	12300
341	1.0	317	2535	5262	6071	6341	6536	6926	10793	11190	11851	11887
342	1.0	200	782	1369	1383	1395	1441	2101	2364	2449	2696	2719	2956	3163	3238	3643	3838	4124	4603	4649	4776	4804	5429	6331	6369	6895	8102	9111	9141	9810	10101	10540	10893	11036	11303	11323	11758	12336	12390
343	1.0	373	980	1055	1252	1431	1443	1473	1985	2483	2567	2897	3309	3409	4088	4212	4314	4420	4485	4624	5186	5330	5480	5799	5826	5958	6076	7432	7874	8394	9587	9763	9881	10358	10401	10533	10977
344	1.0	191	569	616	1051	1125	1960	2245	2510	2586	2600	2705	2949	3853	3920	3999	4302	6112	6482	6538	6589	6761	8632	9031	9322	9337	9540	9943	10009	10022	10184	10590	10731	10784	11551	12513	12573
345	1.0	605	3451	3885	5170	5527	6020	6424	6607	7308	7408	8057	8869	9450	10108	10650
346	1.0	643	711	781	837	1491	1630	1714	1915	2929	4169	4346	4540	4868	5156	5315	5519	5871	6083	6160	6409	6756	7285	7493	7676	7854	8047	8483	8547	9332	9371	9476	9495	9675	10346	10381	10406	10539	10741	10843	11737	11808	11937	12157
347	1.0	268	1209	2475	2701	2740	2958	3396	3849	4100	5237	5990	7477	7567	8204	8804	8970	9005	9640	9698	9847	10080	10169	10209	10270	11254	11805	12340	12548
348	1.0	506	607	916	1322	1513	1599	1843	2022	2058	2714	2756	3088	4025	4118	4191	4336	4562	4711	5016	5349	6103	6392	6906	7177	7316	7492	10067	10665	10962	11938	12349
349	1.0	1970	2052	2362	3034	3117	3454	3905	4059	4096	4261	4270	5284	5323	5895	6353	7442	7500	7976	8251	8401	8431	8940	9200	9643	9796	10638	10769	11189	11868	12212	12482
350	1.0	47	705	819	1598	1738	2379	2466	2700	3391	5551	5613	5835	6289	6915	6936	7768	8367	8575	8659	8964	9486	10114	10385	10570	10862	11186	12317
351	1.0	947	2848	3468	4399	4480	6107	6852	7486	7743	11398	11979	12419
352	1.0	190	366	1217	1590	1707	2140	3681	3892	4070	4329	4528	4576	4913	4945	5076	5231	5318	5988	6010	6385	6816	7487	7590	7937	8277	8283	8780	8855	9466	9527	10003	10051	10834	11139	11274	11587	12306	12369	12506
353	1.0	70	510	565	928	1019	1633	1784	1933	2322	2477	2683	2934	3461	3916	4201	4222	4419	4628	4629	5473	5525	5592	5798	6578	7357	7512	7951	9720	10160	10274	10602	10689	10828	11110	11135	11336	11394	12040	12173
354	1.0	81	609	647	1460	1684	2079	2626	2923	2988	3044	3085	3412	3752	3776	3936	5036	5335	5677	6740	7128	7157	7449	8240	8857	10042	10633	10663	11096	12098
355	1.0	292	573	663	724	1116	1314	1388	1657	1754	1983	2098	2135	2348	2922	3234	3290	3302	3450	3605	3923	3948	4106	4510	4532	4618	5124	5218	5426	5920	5943	5974	6330	6356	6432	6501	7184	7287	7348	8049	8126	8494	8694	8718	8829	8885	9013	9034	9155	9246	9417	9463	9673	10479	10490	10569	10573	10837	10906	11324	11406	11485	11784	12219
356	1.0	779	6004	6664
357	1.0	1520	2471	2983	2991	3475	5296	6519	7557	7968	8343	9502	10459	10685	10829	10938	12075
358	1.0	1241	1411	1484	1834	2011	2243	2318	2454	2588	2704	2917	2970	3207	3545	3656	3784	4835	5240	5369	5718	5747	6067	6126	6215	6417	7726	7792	8025	8100	9014	9632	9913	10014	10525	10910	10964	11519	11539	11540	12116	12233	12253
359	1.0	1305	1400	1732	2009	2267	2396	3287	3793	4347	4688	5039	5203	5697	6274	6611	6902	7888	7973	8076	8936	9935	10311	10378	10500	11427	11429	11601	11943	12356
360	1.0	92	254	639	654	1023	1486	1505	1764	1883	2111	2195	2676	2767	3152	4086	4505	4902	4937	5144	5491	5617	5671	5803	6491	6539	6645	7062	7079	7173	7400	7441	7593	7716	7838	7997	8046	8154	8435	9052	9996	10084	10623	10850	11166	11194	11472	12109	12499
361	1.0	600	954	1295	1854	4764	5599	5632	5936	6078	8604	10046	12525
362	1.0	375	1045	1438	1629	1663	2436	3135	3289	4008	4040	4075	4721	4770	6753	6763	7268	7437	7495	7499	7857	8122	8599	8706	8795	9030	9305	9440	9853	10304	10305	10320	10408	10690	10721	10753	10763	10764	11024	12223
363	1.0	66	502	509	1731	1866	2777	3910	4019	4615	4986	4989	5598	6081	6182	6647	7123	7456	7528	8119	8537	8825	9019	9501	10117	11136	11173	11213	12432	12457
364	1.0	1013	1396	2214	2994	3355	3587	3609	3727	4474	5009	5195	5928	7099	7217	7489	9669	11934	12566
365	1.0	328	549	815	1088	1171	1832	2048	2541	3222	3380	3406	3411	3414	4024	4039	4642	4779	4795	4840	5006	5020	5035	5052	5320	5553	6337	6422	7598	7987	9101	9188	9715	10369	10609	10629	10917
366	1.0	90	7818
367	1.0	15	274	482	1524	1907	2298	2356	2907	3018	3588	4262	5078	5403	5945	6138	6336	6523	9182	9965	10172	10529	11492	12069	12572
368	1.0	179	340	856	1098	1371	1500	2183	2774	3564	4969	5406	5448	6090	7923	8135	8269	9375	9399	9605	9768	9973	11157	11592
369	1.0	368	1536	2439	3555	4092	5833	6155	6158	6169	6283	7858	9270	9473	9686	9993	10286	10887	11101	11638	12462
370	1.0	2406	2932	3256	5093	6026	6637	7111	7265	7272	8464	10800	11561
371	1.0	333	469	706	910	958	1471	1661	1848	1911	1943	2109	2144	2376	2999	3553	3558	3611	4230	4369	4643	4668	4908	5351	5356	5633	5649	5696	5796	6264	6303	6688	6797	7074	7672	7701	8398	8465	9120	9213	9696	9773	10139	10619	10646	10724	11197	12213
372	1.0	528	968	994	1361	2820	2998	3848	4831	5128	5785	6334	6354	6801	6971	7108	7276	7828	8477	8826	8959	10411	10742	11328	11576	11636
373	1.0	1601	2196	2228	3297	3455	3879	4564	4829	5253	8357	8561	8623	9202	9830	10813	11631	11895	11919	12480	12493	12538	12541
374	1.0	143	555	1874	3037	3589	4860	5025	5252	5331	6047	6174	6316	6486	7284	7472	8274	9046	9462	10667	10808	11066	11198	12086	12381
375	1.0	419	447	543	1178	1264	1618	1713	1716	1856	1865	2123	3243	3641	3788	3950	4065	4808	4949	4955	5099	5312	5379	5568	5638	5725	6147	6672	7188	7787	7852	7960	8034	8125	8130	9385	9422	10008	10321	10393	10833	11116	11216	11486	11620	12263	12554
376	1.0	1884	2108	2330	2666	3026	3179	3262	3572	3631	5669	5712	5735	5780	5890	6157	6762	7057	7813	8671	8764	8871	9057	9315	10287	10725	10790	10849	11615	12409
377	1.0	276	963	1067	1274	1655	1860	2064	3489	3645	3841	3894	4471	5454	5862	5949	6376	7256	7317	7394	7949	7956	8033	8168	9148	9195	9225	10553	10773	11689	11814	12014	12231	12372
378	1.0	236	296	754	1070	1429	1576	1634	1736	2018	2205	2358	2460	2506	3601	4083	5178	6205	6212	6591	6689	7355	8303	8776	9152	9227	9704	9800	9945	10005	10240	10262	10342	10658	10921	11109	11174	11834	12030	12377
379	1.0	1924	2750	5390	5396	6175	6671	8309	9236	9247	9722	9915	10429	10517	11832	12202	12583
380	1.0	20	441	1864	2490	2494	4445	4977	5011	5428	5432	5783	5811	6304	6439	6452	6821	6879	7690	8636	9006	9348	10299	10449	10520	10550	11029	11117	11260	11311	11335	11957	12404	12492
381	1.0	41	593	1210	1506	2180	2259	2759	3097	3836	4310	5149	5274	5689	7385	7622	7625	8621	8851	9250	9445	9584	10234	10318	10372	10491	10670	11020	11391	11407	12190	12338	12439	12516
382	1.0	129	229	232	427	806	845	888	938	1215	1248	1570	1950	1987	3804	3986	4533	4735	5139	5584	5716	6086	6208	6814	7050	7248	7482	7542	7732	8639	8757	8838	8889	9203	9400	9451	9519	10147	10297	10598	10768	10880	11076	11253	11791	12441	12475
383	1.0	145	255	1956	2116	2539	2765	2977	3181	3465	3719	3742	4087	4236	5363	5472	6044	6093	6818	6947	7641	7653	8360	8531	8538	8790	8972	9056	10212	11273	12269
384	1.0	131	183	185	195	462	568	917	1115	1686	2158	2168	2371	2718	3401	3695	4062	4912	5438	5761	5900	6183	6286	6619	7297	7304	7480	8909	9515	9556	9823	11395	11963	12057	12542
385	1.0	696	1149	2413	2434	3528	3845	4732	4990	5054	6189	8647	8858	11257	11350	12394
386	1.0	420	1074	1138	1244	1994	2707	2708	2836	2927	3187	3300	3338	3498	3860	3862	4286	4299	4583	4597	4659	4771	5097	5310	5466	5620	5695	5844	5927	6804	6874	7021	7120	7373	7594	7648	7887	7984	8264	8832	8847	8961	9433	9718	9926	9949	10157	10231	10366	10734	10779	11320	11530	11752	11820	12130	12287
387	1.0	263	498	620	1082	1106	1538	1623	1709	1836	2401	2824	3151	3348	4544	5217	5280	5700	6419	6561	6693	7266	7382	7428	7912	7964	8111	8313	8317	8946	9049	9121	9735	10559	10572	10604	10738	10846	11501	11573	11806	11812	11857	11876	12077	12375
388	1.0	32	1056	1315	1672	2074	2136	2149	2689	4137	4518	4678	5470	6373	7115	7150	7502	9114	9657	9664	9848	10264	10664	10673	11736	12312	12370
389	1.0	13	60	320	384	501	891	960	1060	1232	1507	1675	2094	2150	2349	2453	2602	2697	3011	3249	3801	4033	4565	5410	5552	5814	6922	7010	7034	7251	7414	7731	8088	8724	9128	11356	11480	11497	11698	12045	12182
390	1.0	104	1423	1828	2175	2440	2501	2661	3456	3554	4072	5121	5340	5658	8955	9007	9015	10195	12038
391	1.0	295	792	817	1086	1421	1489	1723	1909	2016	2131	2171	2229	2276	2291	2472	2484	2796	3184	3272	3682	3866	4114	4188	4205	4324	4385	4446	4535	4872	5177	5199	5534	5581	5623	5637	5756	6358	6991	7439	7595	7629	8334	8397	8403	8481	8579	8596	8794	9291	9570	9731	10016	10143	10263	10269	10409	10729	10812	10832	10983	11222	11436	12006	12021	12048	12067	12429
392	1.0	239	380	1556	1650	1901	2008	3596	4042	4196	4635	5291	6015	6108	6983	7592	8138	8925	9190	9690	10118	10337	10360	10702	11148	11330	12207	12326	12361	12547
393	1.0	155	816	1221	1493	2060	2262	2559	2576	3708	4450	5019	5440	5530	6701	6872	8580	9038	9276	9329	10055	10125	10465	11642
394	1.0	271	708	1643	2684	2849	3765	4482	4578	5729	6319	7195	7516	8584	8685	8927	9510	9536	10060	11286	12435
395	1.0	4143	5414
396	1.0	597	1294	1331	3029	3138	3429	3606	4316	4699	4819	5503	6889	6909	6996	7501	7654	7777	8520	8608	8611	9142	11004	12533
397	1.0	85	137	166	324	494	1084	2448	2604	2669	3131	3359	3763	3870	3996	4304	4315	4940	5056	5701	5908	6394	6721	6796	7114	7171	7399	7536	7558	8000	9179	9199	9637	9836	10352	10913	11176	11204	11280	12095
398	1.0	170	863	3276	3599	3926	4542	5896	8827	9801	11345	11349	12198
399	1.0	210	766	1835	3328	4959	5521	5536	5625	10017	10531	11877	12422
400	1.0	196	264	1820	2317	2431	2527	3301	3457	3706	4063	4895	5556	5571	6848	6997	7816	8058	8507	8518	9067	9597	10137	10615	11475	11598	12227	12229	12576
