1	1.0	1422	1557	3319	3321	3921	3981	4090	4418	6416	6476	7468	7496	8638	8767	10767	10933	11974
2	1.0	11	115	201	269	304	433	466	468	471	499	534	698	789	896	932	1173	1906	2172	2278	2425	2437	2746	2895	2914	3045	3049	3237	3588	3596	3842	4064	4093	4207	4320	4374	4758	4788	4827	4863	4880	5030	5031	5119	5332	5357	5559	5715	5726	5878	6005	6200	6231	6257	6613	6950	7065	7286	7338	7492	7583	7602	7603	7668	7924	7939	8048	8258	8280	8282	8877	8906	8965	8987	9709	9937	10145	10263	10344	10629	11058	11097	11321	11605	11729	12070	12383	12449	12547
3	1.0	30	172	182	224	263	290	352	395	482	564	572	653	741	797	811	945	1135	1145	1193	1196	1274	1298	1350	1390	1586	1631	1753	2040	2049	2114	2385	2418	2488	2565	2642	2660	2693	2711	2738	2749	2755	2795	2818	2828	2838	2913	3092	3151	3171	3194	3348	3349	3399	3402	3418	3426	3659	3698	3709	3713	3738	3923	4027	4080	4262	4264	4297	4322	4437	4549	4573	4656	4702	4837	4997	5002	5095	5130	5172	5178	5263	5298	5490	5836	5868	5944	5945	6031	6058	6069	6180	6305	6333	6432	6579	6605	6682	6734	6918	7043	7048	7096	7452	7604	7638	7645	7661	7778	7845	8142	8145	8198	8281	8284	8371	8453	8495	8609	8661	8702	8813	8830	8845	8870	8952	8960	8963	9040	9047	9154	9164	9327	9399	9408	9537	9585	9656	9674	9682	9850	9865	9965	10033	10074	10188	10350	10464	10489	10503	10529	10574	10687	10699	10703	10776	10783	10797	10801	10907	10929	10986	10995	11048	11119	11134	11145	11232	11243	11344	11379	11402	11426	11728	11777	11892	11906	11909	11972	11977	11980	12073	12076	12189	12236	12271	12407	12476	12479
4	1.0	39	49	174	353	632	858	1099	1241	1288	1313	1411	1582	1770	1856	1873	2093	2271	2484	2492	2615	2704	2715	2942	3207	3784	4188	4443	4449	4586	4597	5240	5369	5594	5637	5973	6067	6275	6294	6492	6520	6655	6747	6896	6937	7021	7040	7086	7092	7129	7249	7271	7307	7418	7760	8024	8305	8794	8832	8913	9014	9073	9433	9554	9840	9913	10079	10361	10393	10523	10525	10691	10832	10833	10940	11102	11104	11305	11320	11488	11519	11539	11562	11620	11929	11981	12048	12313	12396	12438	12484
5	1.0	285	289	342	425	614	757	1050	1163	1216	1272	1408	1438	1626	1629	1663	1773	1803	2285	2496	2522	2964	3172	3182	3580	3628	3716	3802	3807	4075	4107	4278	4353	4360	4682	4726	4862	4917	5008	5722	5914	5919	6195	6239	6311	6388	6550	6627	6832	6857	7106	7204	7268	7563	7670	8067	8229	8541	8549	8581	8599	8835	8869	9110	9165	9208	9712	10043	10353	10616	10981	11023	11578	11627	11661	11714	12351	12445
6	1.0	141	301	453	568	579	801	857	877	1119	1147	1164	1203	1264	1306	1435	1647	1669	1877	2019	2065	2120	2123	2131	2151	2206	2234	2240	2266	2276	2381	2382	2560	2563	2588	2598	2690	2774	2822	2836	2909	2970	2984	2997	3024	3058	3139	3164	3189	3209	3214	3254	3272	3338	3350	3404	3419	3420	3428	3431	3441	3476	3516	3537	3780	3859	3862	3939	3950	3990	4375	4580	4595	4625	4675	4771	4794	4822	4835	4882	4936	4969	4976	4995	5070	5083	5097	5161	5177	5379	5402	5482	5496	5543	5555	5567	5578	5623	5682	5698	5718	5728	5747	5788	5931	5961	6003	6072	6094	6110	6126	6152	6313	6328	6417	6672	6697	7020	7041	7118	7211	7214	7215	7220	7275	7301	7313	7367	7374	7447	7484	7503	7530	7757	7781	7787	7788	7963	7975	8040	8063	8112	8196	8334	8437	8491	8492	8525	8542	8555	8667	8719	8727	8809	8939	8984	9002	9148	9172	9202	9207	9214	9271	9308	9426	9452	9557	9613	9639	9869	9926	10002	10106	10142	10151	10157	10440	10457	10578	10586	10611	10631	10637	10661	10725	10779	10810	10849	10910	10963	10964	11051	11062	11157	11210	11237	11242	11286	11302	11370	11474	11557	11604	11629	11639	11694	11752	11762	11794	11925	11927	12032	12116	12170	12426	12468	12483	12488
7	1.0	570	1167	1287	1362	2893	3440	5993	6610	7278	7403	10016	10293	11089	11160	11252	11669
8	1.0	57	116	351	357	398	430	469	475	558	623	686	700	948	1010	1011	1041	1067	1078	1093	1148	1168	1252	1260	1370	1475	1505	1530	1728	1804	1894	2025	2128	2159	2163	2260	2375	2380	2523	2584	2735	2813	2982	3008	3038	3093	3121	3253	3281	3408	3458	3482	3496	3557	3604	3616	3756	3764	3803	3887	3894	4037	4230	4231	4238	4387	4406	4505	4655	4664	4772	4798	5124	5188	5219	5234	5306	5308	5324	5353	5413	5477	5484	5541	5633	5636	5663	5766	5791	5915	6039	6653	6692	6703	6912	6923	6945	7116	7209	7221	7238	7239	7376	7620	7681	7684	7711	7717	7824	8108	8179	8215	8359	8465	8514	8559	8791	9012	9075	9084	9131	9137	9168	9181	9215	9398	9438	9467	9550	9565	9571	9699	9708	9724	9910	9963	9989	10056	10139	10214	10245	10364	10391	10416	10446	10466	10484	10641	10683	10731	10762	10850	10915	10968	11024	11126	11180	11324	11450	11510	11520	11581	11647	11672	11709	11745	11819	11829	11916	11959	11985	12161	12231	12297	12437	12447	12571
9	1.0	1277	1341	1696	2118	2252	2438	2980	4545	4754	4846	5080	5081	5276	5515	5888	6060	6521	6735	7388	7395	7899	8288	8587	8954	9480	9616	10453	10516	10675	10956	11202	11425	11439	11548	11662	12125	12409
10	1.0	38	1243	1344	2566	3730	3733	4364	4981	6418	6834	6922	7168	7317	8182	8844	9158	9326	10823	12266
11	1.0	3444	5873	6823	7442	9081
12	1.0	126	232	330	335	501	586	643	711	1156	1177	1213	1336	1346	1472	1491	1541	1645	1654	1714	1763	1875	2099	2165	2272	2300	2314	2624	2627	2675	2807	2841	2890	2896	2929	3030	3469	3585	3747	3798	3834	3846	3929	3934	4022	4169	4170	4195	4214	4346	4383	4394	4411	4521	4565	4718	4755	4848	4893	4919	4940	4942	5033	5042	5090	5156	5236	5315	5391	5455	5611	5630	5875	6086	6160	6405	6414	6442	6566	6567	6603	6650	6669	6670	6756	6760	6867	6899	6931	7085	7138	7197	7318	7325	7372	7493	7637	7674	7702	7905	7920	8021	8170	8260	8454	8483	8506	8508	8547	8716	8720	8735	9313	9412	9476	9495	9506	9533	9625	9635	9892	10018	10044	10061	10109	10155	10381	10581	10753	10839	11044	11056	11064	11065	11075	11167	11236	11363	11419	11537	11579	11623	11648	11652	11737	11788	11823	12117	12152	12157
13	1.0	348	418	661	1110	1960	4140	5023	5803	10354	10541	11435
14	1.0	144	176	234	345	944	1338	1403	1844	2217	2860	2987	3047	3072	3668	3896	4594	4651	5006	5174	5348	5545	5662	5983	6073	6201	6240	6597	6713	6854	6969	7100	8138	8221	8557	8634	9553	9838	10024	10211	10341	10435	10445	10551	10630	10752	10894	11123	11366	11660
15	1.0	28	676	689	870	2740	3286	3556	3717	3876	4614	4634	5268	5797	5818	6133	6479	6581	6690	6770	6793	7281	7476	7477	8335	8711	8786	8905	9065	9223	9360	10192	10235	11100	11107	11371	11747	12140	12239
16	1.0	99	451	493	508	637	703	746	969	1038	1158	1207	1286	1470	1574	1590	1961	2023	2054	2086	2249	2315	2372	2404	2423	2456	2505	2620	2638	2666	2821	2842	2863	3179	3205	3382	3500	3519	3626	3627	3710	3813	3947	3988	3996	4004	4006	4060	4174	4249	4317	4388	4434	4500	4543	4564	4584	4647	4881	4884	4910	4918	5000	5069	5249	5250	5326	5458	5533	5552	5554	5669	5706	5712	5739	5886	5968	5979	6011	6036	6260	6315	6838	6864	6913	7000	7174	7186	7251	7285	7305	7491	7642	7692	7731	7752	7821	7877	8099	8143	8144	8183	8185	8307	8385	8450	8457	8470	8565	8616	8671	8685	8701	8871	9036	9104	9173	9307	9350	9388	9725	9727	9756	9899	9962	9968	10063	10089	10130	10338	10535	10624	10642	10771	10778	10794	10799	10825	10876	10880	11214	11308	11375	11628	11673	11799	11815	12074	12314	12348	12392	12424
17	1.0	56	78	307	408	649	853	946	1107	1183	1199	1334	1404	1448	1597	1745	1814	1979	1993	2003	2290	2480	2532	2608	2916	3178	3512	3514	3575	3629	3782	4342	4813	4911	5050	5447	5526	5740	5787	5806	5860	6473	6628	6652	6742	6900	7172	7370	7380	7420	7522	8443	8692	8889	8922	9242	9364	9436	9444	9474	9582	9649	9687	9755	9817	9875	10904	11007	11261	11271	11303	11456	11509	11705	11828	11861	11956	12059	12162
18	1.0	510	565	722	892	928	1439	1633	2280	2322	2683	2844	3111	3461	3655	3916	4629	5592	5978	6029	6467	6783	7448	7951	8656	8677	9265	9370	9720	10160	10274	10602	10617	10689	10828	11110	11135	11336	11349	11394	11932
19	1.0	145	255	716	1092	1312	2116	2539	2719	2894	3267	3465	3719	4002	4005	4098	4236	4484	4649	4698	4834	4967	5258	5363	6818	6839	6947	6994	7045	7071	7267	7315	7401	7421	7641	7814	8012	8102	8360	8538	8916	9166	9633	9810	10212	10930	11273	11323	11506	12033	12269	12390	12452
20	1.0	103	1085	2333	2405	3162	4610	5212	5824	6028	6634	7063	7791	7879	7991	8025	9231	9427	10164	10456	10470	10863	10922	11233	11483	12004	12041
21	1.0	940	1301	1539	2247	3622	3721	3795	4847	5427	5661	5676	5745	5859	5918	5972	5984	6173	6332	7237	8027	8174	8447	8641	9318	9529	10827	10976	11482	11716
22	1.0	258	406	1025	1239	1379	1512	1547	1670	1744	1908	2005	2088	2110	2121	2155	2222	2486	2517	2793	3294	3669	3768	3937	4240	4241	4487	4781	4786	4983	5074	5748	6000	6070	6563	6954	7429	7795	7886	7915	8194	8200	8272	9330	9580	9753	9793	10031	10399	10512	10787	10882	11458	11853	11856	12195	12436	12537	12575
23	1.0	763	3233	5270	5800	6719	8083	10103	12446
24	1.0	961	1980	3035	4841	4926	5261	5389	6621	7246	7606	7812	8009	8748	8862	9521	9794	11968	12184
25	1.0	3932	5135	5370	7018	9679	11703	12284
26	1.0	800	869	914	1883	3028	3840	4034	4605	4963	5410	6572	6837	7094	7383	7630	8330	8435	9245	9365	9777	9868	10202	10556	11447	11543	12247	12262
27	1.0	5189	8425	9458	12093
28	1.0	73	88	473	751	1008	1822	2347	2421	2721	3369	3824	4067	4173	4189	4341	4592	4897	5141	6075	6441	6456	6687	7462	7469	7578	8055	8148	8341	8387	8451	8592	8900	8988	9220	9759	10213	10495	11118	11248	11429	11757
29	1.0	192	208	346	862	1035	1268	1337	1768	1891	1916	1968	2102	2500	3158	3483	3828	4030	4218	4570	5710	6514	6588	6691	6777	7133	7144	7354	7538	7771	7946	8292	8517	8929	9238	9287	9795	10076	10315	10448	11228	11340	11545	11720	12260	12523
30	1.0	81	308	400	609	1460	1934	2923	3044	3085	3412	3433	3752	3776	3804	4158	4282	5335	5677	5777	5904	7157	7364	7449	7511	8240	8857	9159	9706	10633	10837	11096	12098
31	1.0	219	277	479	481	507	641	1091	1133	1194	1250	1398	2294	2319	2328	2611	2657	2809	3150	3265	3283	3675	4139	4408	4692	4744	4759	5289	5505	5656	5877	6156	6172	6218	6601	6847	6967	7167	7433	7616	7882	8155	8603	8629	8787	9475	9750	9976	10898	11112	11512	11810	12203	12431
32	1.0	580	3098	3177	3459	3819	5809	6433	6585	6684	7091	7644	8630	9088	9876	10159	10527	10974	11953
33	1.0	302	1104	1160	1284	1321	3506	3690	3918	4229	4812	5469	6755	8455	9180	9671	10006	10068	11401	12061
34	1.0	67	587	651	675	846	1533	1646	2439	2521	2703	3239	3555	4163	4224	4497	5133	5374	5913	6049	6468	6706	6958	7518	7793	9348	9455	9726	10228	10870	11421	11638	11730	11957	12404
35	1.0	40	171	184	206	370	371	472	532	533	551	642	666	683	691	917	922	1094	1150	1197	1206	1240	1269	1464	1521	1607	1618	1713	1799	1806	1813	1819	1829	1882	1912	1948	1972	1987	1989	1997	2134	2174	2197	2202	2241	2293	2370	2417	2467	2489	2595	2629	2678	2695	2723	2727	2734	2936	3053	3140	3186	3390	3509	3548	3578	3822	3955	4017	4052	4091	4116	4145	4213	4389	4439	4442	4526	4617	4639	4683	4824	4938	4956	5063	5082	5099	5164	5179	5181	5238	5241	5253	5266	5311	5312	5339	5495	5520	5550	5921	5923	5969	6037	6083	6148	6202	6224	6389	6403	6415	6511	6516	6619	6644	6737	6780	6816	6817	6935	7068	7080	7222	7336	7404	7410	7435	7481	7482	7526	7532	7580	7663	7685	7761	7783	7852	8101	8106	8116	8125	8225	8236	8262	8322	8369	8485	8527	8528	8695	8723	8741	8757	8764	8831	8878	8983	9163	9244	9288	9366	9385	9451	9457	9496	9515	9611	9615	9697	9734	9738	9774	9828	9864	9990	10067	10094	10158	10233	10368	10419	10428	10717	10983	11129	11200	11217	11377	11422	11461	11487	11546	11668	11920	12034	12057	12060	12071	12251	12270	12368	12387	12496	12511	12564
36	1.0	26	228	773	876	1706	1921	1943	2075	2474	2580	2653	3132	3367	3471	3505	3983	4515	4728	4756	4815	5572	5673	5733	5946	5982	6168	6662	7112	7148	7464	7938	8041	8302	8325	8429	8812	9302	9654	9732	9983	10092	10370	10375	10855	10891	11339	11552	11591	11632	11767	11778	12003	12105	12364	12391
37	1.0	742	793	1211	1354	1368	1466	1537	1608	1613	1674	2212	2663	3027	3907	4361	4697	5048	5439	5460	6030	6098	6362	6623	7390	7523	7548	7750	8211	8278	8501	8554	8734	8995	9336	9484	9692	10075	10434	10774	10884	11440	11448	11521	11614	11700	11817	12205	12316
38	1.0	1581	6560	7764	7822	8935	8999	11206	12035
39	1.0	187	4916	7443	8782	10286
40	1.0	2	33	310	316	374	421	504	542	719	734	900	1114	1140	1621	1630	1635	1671	1737	1761	2257	2414	2450	2485	2507	2762	2808	2899	2937	3056	3099	3103	3146	3170	3199	3318	3427	3484	3660	3681	3870	4032	4070	4178	4256	4529	4913	5060	5244	5346	5596	5648	6458	6641	6723	6815	6917	7328	7971	8059	8098	8131	8277	8354	8783	8948	9062	9094	9278	9524	9602	9642	9675	9803	9812	10105	10410	10444	10579	10632	10640	10843	10851	10949	11159	11503	11555	11587	11663	11836	11941	11998	12342	12359	12379
41	1.0	29	197	884	1471	1724	1752	1913	2021	2345	2407	3317	3381	3930	4095	4109	4245	4265	4566	4805	4899	4927	4979	5129	5892	5916	6477	6989	7198	7647	7704	7894	8093	8352	8834	9413	9481	9492	9918	10198	10688	11258	11331	11954	12163
42	1.0	6387	8493	10802	12180
43	1.0	231	369	379	1076	1326	2411	2967	3543	5352	6505	7554	7983	8203	8643	9051	9359	9601	9896	10552	11272	12214
44	1.0	6	64	850	1123	1871	2044	2056	2296	2682	2782	3180	3208	3546	4197	4971	5313	6002	6165	6245	6409	6555	7042	7117	7375	7676	7947	8252	8306	9516	9841	9874	10189	10543	10749	10902	11068	11227	11294	11423	11609	12052	12167	12188
45	1.0	108	362	487	626	1681	1841	3491	4511	6261	6941	7329	7504	7735	7906	8364	8729	9502	10290	12181
46	1.0	537	4854	6716	7786
47	1.0	218	602	1584	1797	1859	2867	2948	3054	3149	3436	3462	3814	4167	4220	4271	4308	4468	4527	4572	4874	5579	5850	6080	6484	6568	6714	6993	7193	7700	8709	8762	8914	9511	9672	9988	10099	11913	12056	12072	12158	12261
48	1.0	368	478	798	1189	1536	2092	2384	2550	2594	2911	2912	3558	3653	3692	4084	4092	4445	4977	5428	5783	5833	5837	6155	6158	6169	6185	6206	6283	6565	6879	7166	7498	7690	7858	8248	8548	9006	9270	9473	9686	9925	9932	9993	10049	10119	10153	10299	10449	10520	10550	10568	10887	11045	11101	11117	11567	11719	11726	12292	12462	12492
49	1.0	934	1461	1601	1692	1747	3297	4475	4883	5157	6132	6559	6784	7294	7683	7871	8328	8357	8537	8623	8774	8822	8982	9130	9830	10268	10813	10951	11188	11796	12153	12569
50	1.0	242	745	768	1079	1598	1738	1955	2270	2466	2700	2815	3615	4767	4944	5111	5257	5441	5565	5613	5655	5938	6220	6462	6463	6915	6936	7343	7640	7698	7962	7985	8139	8162	8332	8415	8479	8543	8659	8784	9185	9294	9486	9710	10150	10249	10259	10841	11150	11186	11585	11843	11882	12208	12291	12317	12344
51	1.0	60	68	130	180	185	207	284	320	382	384	442	470	552	567	631	660	682	753	824	861	871	935	1001	1040	1175	1246	1457	1509	1675	1774	1865	1884	1915	1967	2002	2150	2196	2201	2228	2237	2243	2282	2284	2366	2537	2538	2553	2614	2872	2978	2979	2989	3011	3019	3021	3081	3102	3126	3226	3231	3243	3247	3397	3423	3437	3517	3591	3641	3671	3696	3801	3898	3964	4103	4152	4187	4205	4276	4366	4416	4512	4555	4607	4747	4808	4855	4888	4949	4993	5013	5061	5123	5199	5201	5222	5367	5522	5549	5568	5744	5780	5814	6096	6209	6348	6445	6453	6488	6509	6529	6552	6554	6602	6678	6798	6980	6999	7010	7022	7057	7087	7136	7233	7309	7351	7422	7461	7553	7671	7792	7808	7811	7829	7843	7885	7949	7999	8157	8256	8421	8446	8458	8573	8585	8620	8631	8655	8689	8698	8872	8923	8950	9017	9060	9082	9096	9108	9228	9293	9310	9393	9567	9589	9626	9703	9739	9747	9757	9887	9893	10048	10170	10261	10287	10321	10347	10365	10425	10487	10560	10622	10715	10761	10804	10831	11015	11084	11113	11130	11161	11278	11333	11446	11457	11486	11496	11497	11687	11727	11765	11838	11842	11919	11945	12005	12019	12134	12150	12263	12267	12283	12310	12421	12478	12541	12550
52	1.0	113	156	233	360	445	721	815	951	974	977	981	1205	1453	1551	1564	1702	1810	1862	2355	2518	2592	2800	3339	3700	3855	3903	3913	4270	4557	4593	4642	5043	5435	5631	5786	5925	6176	6217	6306	6325	6377	6666	6895	6925	7323	7424	7687	7834	7987	8220	8431	8815	9191	9684	9928	10316	10475	10532	10960	11001	11011	11164	11219	11295	11513	11541	11571	11868	11966	12036	12315	12415	12518
53	1.0	1151	1227	2825	3073	4183	4338	4749	5841	6267	6964	9248	9347	9620	9662	9688	9775	11470	11848	12311
54	1.0	178	474	1090	1474	1731	1739	1769	1775	2330	2648	3266	3833	3915	4289	4350	5068	6105	6556	6654	6762	7371	7528	7631	7841	8296	8376	8513	8561	8642	9315	9501	9987	10486	10686	10868	11059	11163	11238	12280	12540
55	1.0	58	1257	1363	4384	11415
56	1.0	230	1495	3013	4376	8243	8908	9309	10030	10507	10659	11284
57	1.0	336	495	527	1852	2625	3432	3815	4155	4563	5753	6339	6455	6825	6957	7028	7508	7827	7888	7931	7984	8189	8217	9618	10021	10117	10178	11351	12222	12539
58	1.0	100	245	521	1676	1795	1952	1982	2080	2182	2336	2388	4928	5510	5731	5760	6481	6795	6883	7037	7431	8340	8981	10588	11008	11035	11299
59	1.0	727	1780	2169	2331	3925	4172	5118	7101	7208	7599	7607	9801	10078	11358	11411
60	1.0	191	569	616	822	1051	1080	1125	2039	2245	2338	2582	2586	2600	2705	2778	2949	3154	3853	3920	3999	4302	6112	6404	6482	6538	6761	7240	8207	8632	8756	9031	9303	9322	9337	9532	9894	10022	10784	10792	11298	11551	11756	11841	12403
61	1.0	678	2204	2422	3430	4760	5309	5405	8320	8902
62	1.0	31	550	618	829	1381	1419	1444	1488	1694	1741	2156	2233	2524	2530	2640	2853	3244	3658	4055	4339	4681	5046	5597	5781	5835	5867	5885	6111	6359	6454	6480	6733	6738	6874	6943	7497	7682	7875	8001	8114	8223	8286	8409	8428	8518	8799	8892	8898	9839	10096	10610	10626	11153	11203	11234	11608	11891	12067	12182	12274	12418
63	1.0	376	629	747	1445	2027	2357	2641	3299	4367	4504	4796	5595	5605	5992	6508	6827	6892	8891	9938	10230	11559	11875	12469
64	1.0	440	663	1730	2211	2218	2424	2918	3018	3375	3389	3751	3826	4415	4654	4723	5232	5456	5785	5828	6164	6237	6564	6696	6751	6801	7235	7730	8113	8228	9958	10243	10969	11223	11533	11611	11724	11771	11991	12211	12551
65	1.0	119	149	854	1833	2179	2931	3001	3416	3474	4068	4525	4777	4851	5045	5229	5457	5647	6248	6324	6614	6807	6835	7366	7720	8039	8498	8589	9086	9765	9790	9982	10088	10763	10937	11026	11409	11692
66	1.0	344	965	2324	3155	3394	3470	3728	4599	4844	5102	5169	5612	6298	6314	6739	7600	7756	7810	7994	8373	8650	9001	9464	9503	9770	10628	11183	11199
67	1.0	317	2535	5262	6071	6926	7055	8331	8678	11190	11887
68	1.0	3882	7356	8192	8732	10729
69	1.0	781	895	979	1109	1297	1347	1405	1861	2094	2164	2436	2443	2469	2575	3229	3446	3533	3550	3757	3984	4008	4403	4469	4583	4762	4866	5101	5305	5527	5947	6084	6216	6227	6312	6426	6457	6471	7054	7398	7467	7890	7978	8140	8171	8254	8499	8588	9030	9279	9701	9877	10007	10036	10148	10226	10304	10379	10403	10648	10721	11133	11212	12230
70	1.0	260	1922	2953	3818	4274	4488	5624	6057	6391	7339	10115	11874
71	1.0	24	123	441	496	680	830	903	933	1591	1766	1848	1864	2012	2042	2053	2365	2376	2428	2490	2494	2503	2725	2839	2865	3539	3687	3901	4363	4532	4964	5011	5432	5493	5508	5696	5790	6285	6301	6303	6452	6500	6525	6537	6608	6772	7098	7223	7247	7258	7312	7729	7832	7904	8062	8160	8178	8487	8636	8673	9257	9442	9819	10066	10097	10102	10886	10934	11005	11095	11154	11490	11507	11772
72	1.0	133	175	415	460	930	1589	1614	2720	2843	3269	3374	3863	3868	4343	4358	4552	4686	4701	4859	5112	5151	5228	5242	5575	5690	5741	6027	6032	6680	6845	7719	7733	7909	8881	9066	9488	9676	9798	9872	9895	9908	10190	10194	10201	10522	10714	11463	12025
73	1.0	117	1367	3699	7416	8649	9406	11170
74	1.0	1520	3475	6519	7557	7587	7968	8918	10459	10829	12154
75	1.0	34	417	1295	1415	1854	1963	2313	2549	2789	2875	2926	3917	4237	4879	5599	5858	6512	7113	7547	8793	9459	10643	10871	10903	10953	11526	12376
76	1.0	134	556	705	819	1549	1740	2379	2461	3175	4272	5551	5557	5952	6163	6428	6934	7044	7176	7803	7823	9807	9912	10704	10848	10878	10993	11192	12321
77	1.0	743	1075	1742	2220	3625	3758	5159	5538	6673	6754	7427	7725	7742	8558	9045	11400
78	1.0	190	447	571	655	756	1190	1267	1507	1544	1611	1746	1808	2111	2195	2349	2416	2651	2692	2771	2866	2898	2963	2995	3032	3371	3387	3572	3694	4125	4329	4631	4818	4836	5409	5617	5671	5720	5725	5876	6087	6273	6435	6569	6705	6951	6959	6985	7067	7102	7180	7207	7438	7450	7525	7593	7610	7626	7652	7709	7997	8038	8110	8154	8173	8399	8570	8660	8805	8849	8860	8886	8991	9170	9343	9466	9497	9526	9742	9792	9885	10001	10349	10526	10548	10583	10587	10598	10992	11000	11076	11116	11216	11253	11367	11818	12058	12294	12499
79	1.0	428	814	1121	2465	2754	2952	3547	3561	3689	4281	4519	4974	5193	5646	6528	7216	8488	8502	9229	9354	10438	10965	11833
80	1.0	1937	4925	7160	8840	9600
81	1.0	104	211	759	1015	1644	1777	1925	2060	2127	2175	2368	2501	2742	2829	3082	4072	4153	4186	4459	5288	5368	5732	5933	6107	6395	6440	6694	6695	7379	7392	7576	7633	7981	8379	8445	9296	9781	10424	10497	10947	11137	11398	11845
82	1.0	4	4129	10755	11704
83	1.0	381	694	1500	2194	2664	2712	3337	3680	4962	5259	5397	6630	6656	6876	7303	7440	8245	8269	9498	10238	10653	11678	12255	12304
84	1.0	2299	3890	5798	5820	5899	8115	9381	9914	11420
85	1.0	331	386	1009	1134	2087	2309	2432	3766	3783	4738	5196	5295	5643	6114	6618	6676	7125	7205	7293	7524	7612	8766	9493	9606	10141	10443	11924	12193
86	1.0	222	738	1842	2177	2920	3144	3908	4099	4710	4774	4889	5292	5450	5452	5492	5542	5880	6241	6249	6361	6472	7765	8029	8052	8920	9122	9543	10639	10806	11264	11301	11800	12103	12451
87	1.0	194	807	1162	1389	1940	1986	2143	2258	4028	4203	4492	5666	5901	6247	6253	6972	10179	10918	12520
88	1.0	519	1222	3165	3314	3809	4076	4753	4873	5136	6145	6170	6379	6548	7350	7967	8177	8186	8637	8826	9054	9936	10112	10332	10333	10542	10618	10757	10924	11165	11208	11389	11789	11855	11947	12096	12225	12309	12448	12474
89	1.0	75	196	235	243	264	291	363	402	432	578	589	652	838	906	984	1074	1086	1220	1242	1426	1609	1717	1793	1796	1820	1834	1896	2061	2081	2193	2318	2431	2454	2527	2832	2960	3017	3203	3252	3457	3654	3706	3806	3860	4150	4473	4637	4680	4716	4736	4932	4955	5085	5116	5224	5264	5301	5355	5373	5408	5560	5695	5719	6199	6465	6533	6848	6942	6997	7027	7248	7295	7517	7816	7887	8011	8058	8304	8375	8388	8507	8550	8574	9035	9067	9239	9471	9491	9541	9597	9610	9695	9857	9901	10064	10137	10191	10288	10615	10746	10928	11067	11452	11475	11534	11563	11598	11600	11766	12062	12229	12305	12395	12576
90	1.0	14	22	32	44	53	93	98	173	391	526	593	622	702	715	739	898	909	1073	1116	1141	1185	1253	1289	1318	1429	1454	1529	1531	1560	1700	1727	1776	1824	1836	1889	1924	1927	1942	1953	1988	2046	2147	2180	2287	2359	2374	2391	2525	2631	2632	2639	2737	2759	2769	2900	2905	2947	2965	2985	3012	3055	3079	3097	3105	3122	3133	3201	3223	3263	3315	3385	3467	3478	3540	3571	3617	3722	3724	3739	3767	3836	3883	4035	4059	4081	4083	4089	4208	4234	4263	4326	4381	4405	4467	4472	4496	4516	4518	4541	4548	4579	4581	4619	4652	4678	4733	4734	4803	4853	4865	5005	5014	5040	5051	5086	5149	5198	5221	5256	5274	5323	5336	5345	5406	5502	5506	5514	5553	5618	5689	5831	5874	5926	6006	6089	6095	6099	6144	6179	6191	6203	6212	6356	6381	6430	6443	6487	6489	6495	6593	6598	6600	6609	6702	6728	6752	6753	6774	6865	7005	7016	7023	7224	7262	7283	7322	7363	7409	7455	7471	7479	7531	7615	7625	7679	7697	7759	7800	7802	7830	8014	8068	8075	8111	8165	8233	8239	8242	8358	8577	8664	8679	8703	8739	8828	8829	8851	8863	8976	8996	9000	9004	9049	9053	9074	9145	9152	9174	9201	9216	9250	9418	9445	9482	9513	9520	9558	9577	9584	9636	9718	9723	9779	9818	9852	10004	10057	10087	10118	10123	10252	10262	10303	10324	10412	10430	10433	10481	10514	10566	10577	10591	10593	10605	10635	10712	10730	10759	10830	10892	10911	10921	10932	10970	10982	11034	11039	11041	11115	11182	11196	11244	11338	11391	11424	11443	11489	11588	11732	11739	11806	11923	11926	12031	12049	12053	12186	12190	12238	12246	12330	12332	12338	12375	12473	12487	12489	12509	12552	12579
91	1.0	389	604	787	1332	1478	1849	1985	2072	2223	2344	2433	2512	2644	2959	4334	4524	4898	5444	5471	5485	5717	5932	6803	7914	8015	8420	8725	9351	10280	10314	10748	10908	10920	11674	11723	11835	11964	12022	12066	12420
92	1.0	79	250	355	503	842	1325	1641	1805	1911	1996	2224	2415	2493	2630	2871	2904	2996	3370	3372	3511	4161	4180	4357	4382	4463	4502	4513	4602	4604	4643	4833	5089	5147	5230	5251	5383	5430	5742	5826	6088	6449	6469	6790	7124	7473	7672	7769	7934	8006	8053	8316	8361	8670	8708	8752	8896	8993	9143	9355	9449	9489	9696	9814	9947	10050	10131	10339	10454	10511	11109	11143	11251	11761	11793	12001	12113	12333	12357	12385	12430	12472	12503	12544
93	1.0	50	318	671	1229	1283	1594	1783	2200	2308	2441	2470	2656	3020	3210	3464	3875	3895	4611	4867	5127	5819	6255	6715	7288	7319	7341	7770	9092	9441	9653	9934	10791	10888	12450	12532
94	1.0	902	1785	2353	2471	2869	2887	2983	2991	3101	3746	3880	4690	4705	5235	6764	8959	9824	9861	10678	10685	10713	10938	10946	10980	11715	12055	12174	12350
95	1.0	1392	2476	2971	5361	5468	7738	9063	9196	9499	9569	9714	10362	10663	11473	11505
96	1.0	1153	2652	3131	4554	7122	10623	11046
97	1.0	95	274	337	380	511	548	832	950	959	1129	1180	1224	1282	1293	1308	1524	1650	1901	1907	1918	2062	2356	2498	2747	2834	2907	2940	3234	4042	4157	4196	4204	4243	4290	4498	4501	4635	4814	5078	5200	5239	5248	5290	5291	5737	5810	5906	6015	6092	6108	6131	6138	6321	6330	6400	6523	6562	6580	6744	6855	6961	6973	6983	7064	7076	7078	7082	7181	7306	7592	7767	8126	8214	8610	8682	8890	8925	9182	9623	9787	9799	9813	9815	9871	9971	9977	10172	10337	10669	10702	10723	10733	10847	11006	11148	11330	11368	11492	11785	12207	12361	12524
98	1.0	454	509	693	1427	1577	1617	2216	2509	2590	2770	2873	3006	3034	3063	3117	3379	3551	3705	4348	4460	5032	5735	5890	6280	7277	7591	8054	8500	8825	9032	9072	9929	10216	10708	10775	11195	11304	11582	12017	12137	12432	12482
99	1.0	2389	3633	5445	7927	8969
100	1.0	994	2783	8105	9647
101	1.0	2242	7921	10885
102	1.0	246	401	1636	1941	2071	2406	2468	2736	2932	3825	5104	5483	6637	7265	7334	7387	7475	9115	10844	10941	11561	11821	12278	12322	12425
103	1.0	96	810	1089	1605	2030	2100	2152	2253	3217	3238	3857	3902	4344	5293	5580	5639	5679	6221	6493	6545	7311	7377	7667	7988	8404	8612	9461	9825	9980	10134	10654	10985	11042	11288	11319	11536	11606	11626	12124	12241
104	1.0	12	158	333	497	639	714	942	1017	1756	2043	2144	2999	3025	3298	3329	3362	3712	4007	4192	4248	4671	4992	5762	6190	6277	7074	7212	7261	7533	7659	7694	7893	8149	8180	8444	8494	8553	8749	9540	9622	9745	10081	10291	10382	10858	10966	10975	11063	11078	11912	12220	12456
105	1.0	5186	5415	5524	7189	7196
106	1.0	899	1161	7163	7170	8771	8817	9079	9764	10196	11993	12258
107	1.0	1771	2037	2125	2394	2764	4585	4951	4988	5378	5652	5930	6122	6317	7225	7245	7639	7864	8146	8372	8717	8808	8837	8932	8957	9358	9924	10161	10352	10751	10815	11250	11617	11702	12461
108	1.0	193	270	279	443	582	688	717	809	970	1029	1071	1128	1184	1553	1660	1782	1832	2064	2076	2160	2213	2239	2570	2745	2851	3241	3347	3485	3523	3574	3620	3683	3731	3732	3906	3977	4371	4636	4712	4840	4935	4960	5067	5138	5160	5214	5303	6192	6198	6268	6349	6393	6617	6887	6977	7070	7597	7754	7996	8091	8158	8366	8408	8512	8618	8814	8836	8846	9078	9147	9232	9568	9572	9922	10013	10059	10129	10380	10651	10795	10895	10901	10945	11138	11315	11382	11504	11619	11677	11717	11790	11801	11860	11894	12013	12099	12527	12528	12568
109	1.0	585	825	852	921	949	2090	2181	2787	3678	4123	4223	4369	6726	6844	6944	7147	7203	7290	7665	9118	9138	9234	9919	9921	10025	10250	10698	10890	11255	11547	11622	11684
110	1.0	80	1385	1801	2273	2568	3284	6819	8522	9095	9273	11779	11792	12110	12459
111	1.0	1087	1349	1497	1642	1705	2928	3245	4478	6681	6745	7460	7739	8433	9846	10090	10562	11144	12546
112	1.0	72	444	448	1420	2277	3327	3777	9328	9652	11804
113	1.0	186	941	999	1053	2188	3221	3395	3576	4036	4448	4495	4782	4797	4892	4973	6233	8781	9472	10269	10366	10450	11908	11952	11995	12007	12015	12021	12287	12337	12563
114	1.0	1449	5516	6530	8383	9805	10493
115	1.0	241	489	659	723	736	765	785	891	1143	1230	1428	1543	2146	2235	2564	2587	3275	3301	3640	3664	3791	4044	4141	4298	4429	4641	4708	5053	5146	5327	5500	5941	5991	6109	6464	6675	7149	7346	7430	7732	8152	8285	8654	9352	9530	9689	10011	10020	10348	10405	10621	10862	10943	10996	11053	11177	11332	11658	11743	11791	12079	12087	12089	12400
116	1.0	280	314	855	957	963	1343	1378	1612	1655	1809	1917	2292	2307	2340	2547	2779	3445	3489	4046	4061	4097	4251	4312	5004	5132	5464	5476	5769	5771	6184	6515	7178	7941	8035	8246	8710	8712	8755	9290	9295	10146	10149	10223	10282	10677	10684	10766	10881	11018	11191	11479	11538	11683	11830	12374	12465
117	1.0	4295	9247	9915
118	1.0	168	1333	1483	1715	1831	2596	2757	3128	3212	3351	3634	3835	4047	4390	4707	6988	7891	8344	8441	8848	8947	8968	9136	9410	9631	9948	9994	10132	11241	11361	11491	11575	11583	12433	12582
119	1.0	8979	9139	9999	10253	10563	12008
120	1.0	947	1126	1127	1504	1508	1554	1566	1567	1930	3215	3355	3775	4378	5265	5711	5970	6390	7026	7099	7856	7950	8312	8738	9125	9177	9752	10171	10681	10942	11172	11318	11889	12307	12453
121	1.0	249	1382	1722	2302	2760	4045	4694	5041	5569	5849	6102	6204	6384	8086	8370	8713	8730	8956	11859	12068	12517
122	1.0	261	546	583	750	1065	1450	1666	1821	1900	2124	2572	2573	2858	3232	3684	3909	3971	4058	4287	4481	4567	4628	4679	4886	4907	4943	5243	5608	5905	6966	7340	7488	7505	7552	8003	8250	8440	8496	9319	9658	9842	9870	10372	10417	10743	11013	11296	11774	11984	12082	12164	12353	12440	12516
123	1.0	18	326	392	457	1316	1685	2176	2458	2483	2962	3031	3077	3847	4640	4869	5246	5600	5602	5917	7089	7944	7965	8044	8728	8759	9460	10058	10407	10596	11613	11918	12133	12209	12443	12500
124	1.0	2251	2981	4989	5778	8594	9640
125	1.0	1052	1571	4810	6604	6638	6948	8697	9226	9905	11220	11594	12217	12257
126	1.0	674	805	911	2452	2694	4053	6081	6769	8519	9103	11418	11884
127	1.0	87	91	114	122	124	177	247	256	319	358	365	394	492	514	557	566	597	806	836	844	978	1044	1084	1101	1254	1351	1406	1467	1469	1481	1487	1494	1587	1603	1639	1678	1758	1807	1904	1919	1939	1978	1991	2045	2066	2083	2138	2140	2269	2402	2419	2534	2593	2667	2676	2768	2792	2823	2950	2988	2990	3003	3068	3074	3083	3087	3096	3107	3136	3138	3174	3242	3313	3421	3424	3429	3447	3460	3473	3481	3486	3504	3542	3566	3583	3593	3661	3670	3686	3787	3872	3993	4100	4122	4132	4175	4228	4258	4291	4304	4441	4447	4477	4499	4508	4696	4700	4724	4801	4817	4828	4838	5026	5056	5109	5113	5287	5333	5394	5437	5465	5544	5573	5591	5641	5658	5693	5775	5893	5959	6091	6121	6162	6167	6236	6266	6292	6319	6323	6475	6570	6707	6757	6759	6806	6822	6841	6996	7013	7056	7114	7128	7173	7241	7345	7381	7506	7677	7688	7703	7797	7868	7952	7993	8121	8314	8391	8400	8469	8505	8544	8567	8663	8683	8740	8758	8763	8866	8879	9027	9107	9142	9194	9198	9199	9264	9292	9316	9470	9667	9693	9719	9728	9933	10009	10100	10122	10163	10168	10184	10306	10317	10394	10420	10423	10431	10441	10462	10494	10590	10707	10718	10727	10736	10912	11140	11280	11316	11326	11807	11809	11844	11862	11928	11965	12090	12149	12320	12345	12463	12533	12573	12578
128	1.0	48	54	82	97	276	412	612	634	685	706	775	859	893	915	967	968	971	1031	1049	1059	1137	1155	1201	1244	1249	1255	1342	1410	1447	1517	1624	1657	1709	1754	1826	1923	2016	2018	2055	2068	2109	2148	2207	2215	2256	2354	2358	2369	2479	2520	2528	2649	2662	2708	2726	2728	2753	2773	2804	2806	2846	2850	2879	2881	2882	2921	2972	3059	3173	3183	3225	3228	3290	3346	3365	3392	3406	3498	3535	3553	3597	3600	3611	3630	3648	3714	3800	3884	3893	3967	4062	4071	4077	4108	4144	4301	4393	4426	4464	4466	4550	4568	4598	4752	4787	4809	4825	4845	4887	4895	5035	5148	5184	5245	5282	5338	5341	5364	5423	5425	5577	5588	5607	5634	5770	5795	5801	5854	5865	5962	5986	6097	6147	6153	6207	6263	6265	6295	6299	6322	6378	6438	6478	6549	6561	6616	6683	6758	6789	6902	6907	6933	6981	7008	7024	7025	7187	7256	7266	7344	7347	7353	7419	7529	7573	7611	7660	7837	7881	7936	7942	8120	8227	8237	8381	8434	8569	8651	8657	8675	8721	8736	8750	8821	8859	8961	9114	9213	9222	9266	9300	9349	9552	9559	9563	9581	9704	9740	9785	9856	9862	10047	10246	10326	10418	10452	10455	10513	10609	10664	10693	10738	10739	10807	10820	10893	10899	10952	10955	11010	11032	11086	11231	11403	11445	11468	11493	11558	11574	11607	11636	11645	11707	11773	11988	11990	12064	12155	12172	12200	12206	12259	12301	12318	12324	12328	12355	12406	12538	12567
129	1.0	3650	5736	5751	6775	7161	8534	8672	8977
130	1.0	300	713	1767	1816	3359	4633	7574	8389	8586	8668	8989	11291	11883	12135	12380	12477
131	1.0	155	288	449	656	923	972	1064	1072	1516	1565	1604	1680	1892	2119	2226	2420	2731	2763	2803	3270	3769	3785	3878	4085	4327	4470	5143	5713	5767	5956	6055	6639	6732	6921	7017	7302	7935	8077	8230	8261	8439	9121	9156	9508	9574	9608	9778	9863	9916	10080	10200	10318	10408	10482	10644	11306	11527	11895	12000	12555
132	1.0	1651	7384	10387
133	1.0	1397	2320	6888	7913	9849
134	1.0	4457	8584	9106	9432	9970	10060	12323
135	1.0	55	518	590	729	772	904	1124	1857	2073	2545	2599	2628	3608	5152	6252	6293	6411	7084	7333	7555	8084	8722	8882	9424	10854	10856	11052	11685	11904	12265	12319	12362	12467
136	1.0	426	762	1399	1682	3259	4574	6008	6061	6262	9490	9767
137	1.0	621	1186	1386	1402	1433	1562	1698	3216	3773	3945	4461	4546	4970	5216	5939	5951	6372	6542	6891	7072	7264	7749	7789	7790	8816	8873	10070	10307	10822	10824	10919	11092	11459	11478	11590	11721	11899	12081	12410
138	1.0	3383	5302	5384
139	1.0	169	199	423	522	1223	1451	1606	2098	2730	3070	3488	3744	3886	4014	4102	4255	4507	4780	5153	5649	5685	5705	6024	6143	6308	6657	6660	6779	6787	6903	6971	7499	7501	7590	7865	8318	8406	8807	9397	9646	9673	10086	10182	10576	10646	10994	11263	11500	11523	12494
140	1.0	65	625	831	1013	1396	1658	1704	2214	2410	3145	3468	3541	3587	4159	4450	4474	4480	5170	5195	5928	6309	6828	6852	6872	7131	7137	7230	7298	7489	8392	9089	9276	9386	9669	10275	11372	11915	11934	11979	12249	12566
141	1.0	135	140	146	252	313	737	1701	1869	1890	2548	3325	3559	4043	4325	4582	4660	5395	5746	5757	5805	5881	5942	6136	6270	6527	6766	7490	7617	8971	9069	9339	9387	9664	9998	10284	10295	10396	10436	10567	10573	10719	10959	11230	11307	11712	12490	12507	12534
142	1.0	61	338	416	484	529	690	1061	1181	1534	2038	2117	2281	2378	3200	3438	3590	3743	3976	4021	4285	4398	4638	5058	5421	5792	5976	7103	7584	8414	8572	8607	8696	8951	9439	10395	10553	10569	10694	10742	10906	11469	11532	11689	12341
143	1.0	1	3	10	35	51	85	102	121	138	157	163	165	189	203	209	212	214	253	259	272	278	293	296	322	323	329	334	343	349	375	383	411	431	450	477	486	539	544	545	549	553	560	562	595	598	599	610	619	624	645	654	662	670	687	697	701	730	748	760	776	783	794	795	812	813	818	820	821	835	841	848	849	851	867	873	887	889	890	894	897	901	905	910	919	937	943	954	956	960	962	987	996	998	1003	1005	1021	1028	1033	1034	1045	1048	1066	1068	1070	1088	1103	1131	1157	1171	1187	1212	1218	1226	1234	1265	1270	1276	1279	1292	1299	1310	1324	1328	1331	1356	1357	1366	1369	1372	1394	1413	1423	1424	1434	1436	1477	1485	1496	1498	1503	1526	1548	1556	1558	1569	1579	1595	1602	1610	1634	1637	1638	1661	1683	1684	1691	1695	1710	1716	1726	1755	1772	1781	1790	1802	1811	1818	1827	1868	1872	1881	1920	1935	1936	1938	1958	1970	1990	1994	2004	2008	2014	2026	2031	2050	2052	2079	2084	2095	2096	2122	2126	2129	2130	2135	2137	2142	2145	2161	2166	2167	2184	2190	2191	2230	2255	2264	2275	2283	2286	2288	2306	2337	2339	2360	2367	2377	2383	2399	2427	2444	2449	2451	2453	2462	2473	2491	2531	2540	2552	2554	2597	2605	2643	2645	2650	2665	2671	2677	2681	2686	2688	2696	2706	2710	2722	2729	2744	2756	2767	2776	2784	2790	2796	2798	2817	2819	2835	2837	2840	2847	2868	2901	2906	2922	2925	2933	2944	2956	2961	2968	2976	2993	2998	3000	3033	3065	3069	3078	3084	3086	3088	3090	3118	3134	3152	3156	3161	3166	3167	3169	3176	3188	3190	3191	3196	3197	3206	3211	3224	3240	3249	3251	3262	3278	3289	3295	3304	3312	3322	3324	3340	3357	3363	3364	3403	3409	3411	3414	3477	3494	3495	3501	3503	3508	3518	3529	3544	3545	3570	3577	3581	3584	3592	3610	3631	3632	3637	3642	3645	3665	3674	3677	3723	3727	3734	3737	3750	3772	3794	3799	3812	3816	3820	3821	3823	3827	3830	3838	3858	3869	3877	3879	3885	3905	3910	3928	3931	3938	4015	4026	4029	4033	4049	4051	4057	4069	4073	4112	4113	4126	4130	4131	4133	4134	4138	4149	4165	4177	4181	4182	4185	4193	4199	4233	4250	4254	4261	4267	4273	4277	4279	4294	4310	4315	4323	4330	4335	4370	4373	4377	4386	4397	4430	4435	4436	4455	4465	4476	4490	4503	4510	4530	4547	4551	4558	4561	4569	4577	4589	4596	4603	4623	4627	4657	4668	4673	4676	4677	4689	4693	4704	4706	4709	4715	4742	4766	4770	4775	4776	4779	4784	4785	4789	4792	4799	4800	4806	4816	4826	4829	4830	4842	4852	4870	4877	4878	4900	4904	4909	4914	4915	4920	4930	4931	4954	4975	5001	5019	5049	5052	5073	5084	5087	5105	5125	5140	5168	5180	5183	5194	5210	5213	5233	5278	5279	5284	5285	5296	5329	5331	5342	5350	5351	5376	5377	5411	5412	5414	5416	5417	5418	5426	5446	5454	5462	5479	5487	5488	5491	5512	5513	5523	5564	5574	5576	5584	5585	5609	5640	5657	5667	5674	5675	5680	5738	5752	5755	5763	5784	5804	5827	5834	5839	5845	5869	5872	5887	5894	5898	5910	5927	5929	5934	5937	5940	5954	5960	5974	5989	5994	5995	5998	6007	6009	6019	6021	6022	6056	6059	6085	6100	6115	6116	6120	6135	6150	6151	6157	6178	6181	6182	6188	6194	6196	6211	6232	6250	6251	6259	6287	6288	6302	6310	6327	6334	6336	6344	6346	6355	6360	6363	6367	6368	6374	6375	6380	6408	6423	6444	6451	6459	6470	6494	6506	6517	6518	6522	6546	6547	6557	6558	6577	6582	6590	6635	6643	6648	6649	6659	6698	6722	6724	6725	6731	6743	6750	6763	6773	6791	6797	6810	6856	6860	6869	6870	6890	6893	6928	6932	6960	6962	6978	6995	6998	7001	7012	7031	7035	7052	7053	7058	7062	7083	7088	7090	7093	7104	7107	7143	7153	7156	7158	7159	7165	7184	7185	7191	7195	7202	7206	7218	7226	7231	7234	7243	7257	7270	7330	7332	7335	7352	7355	7358	7391	7397	7399	7402	7411	7413	7423	7428	7437	7453	7454	7456	7483	7500	7510	7521	7543	7545	7562	7570	7585	7609	7614	7623	7643	7649	7651	7662	7669	7673	7678	7686	7689	7693	7701	7710	7728	7772	7775	7776	7785	7794	7798	7799	7805	7813	7817	7825	7851	7855	7857	7863	7876	7884	7898	7917	7918	7919	7926	7933	7943	7948	7953	7954	7959	7969	8007	8030	8033	8050	8069	8070	8079	8089	8104	8122	8124	8129	8136	8201	8216	8232	8249	8251	8263	8289	8291	8293	8294	8295	8309	8311	8319	8333	8337	8338	8343	8349	8355	8374	8378	8398	8411	8416	8417	8430	8432	8459	8466	8467	8477	8509	8510	8511	8516	8524	8533	8539	8546	8566	8578	8590	8595	8606	8624	8635	8666	8680	8686	8688	8690	8691	8744	8746	8796	8803	8811	8841	8842	8852	8855	8861	8865	8868	8883	8897	8904	8911	8912	8933	8934	8940	8949	8953	8967	8985	8990	9010	9011	9015	9019	9023	9024	9039	9048	9057	9058	9059	9064	9068	9070	9109	9120	9127	9135	9146	9150	9157	9175	9188	9190	9193	9200	9209	9210	9212	9221	9224	9227	9241	9246	9249	9252	9255	9277	9282	9283	9289	9297	9298	9305	9306	9311	9312	9324	9331	9334	9338	9340	9341	9344	9345	9346	9356	9357	9362	9363	9369	9378	9379	9382	9389	9391	9392	9396	9404	9417	9419	9422	9435	9469	9479	9514	9517	9535	9555	9564	9592	9594	9604	9630	9634	9660	9677	9678	9680	9707	9717	9729	9731	9773	9782	9786	9800	9804	9808	9834	9836	9853	9854	9878	9883	9891	9897	9898	9906	9909	9927	9945	9950	9957	9975	10015	10029	10038	10053	10065	10072	10093	10108	10136	10166	10176	10181	10183	10199	10221	10231	10257	10265	10266	10271	10272	10279	10285	10300	10313	10322	10329	10331	10351	10355	10360	10373	10400	10415	10439	10442	10451	10458	10463	10477	10479	10488	10490	10506	10509	10524	10530	10533	10536	10549	10557	10592	10599	10604	10612	10634	10638	10645	10652	10658	10692	10716	10728	10740	10747	10765	10773	10788	10790	10798	10803	10811	10816	10817	10846	10853	10859	10864	10883	10896	10909	10913	10914	10931	10935	10939	10950	10967	10979	10984	11022	11025	11033	11036	11043	11049	11054	11070	11099	11108	11120	11122	11125	11146	11149	11174	11179	11194	11201	11207	11213	11221	11229	11235	11239	11249	11256	11267	11276	11281	11285	11290	11297	11312	11334	11337	11342	11343	11347	11354	11356	11378	11381	11385	11387	11393	11395	11396	11399	11404	11405	11412	11432	11441	11444	11466	11480	11494	11498	11518	11522	11549	11577	11586	11597	11602	11624	11625	11640	11643	11666	11675	11693	11701	11734	11740	11744	11748	11754	11764	11782	11822	11847	11852	11854	11858	11863	11867	11871	11897	11898	11922	11936	11939	11951	11960	11969	11971	11976	11978	11986	11992	12006	12023	12029	12045	12091	12095	12100	12102	12106	12111	12126	12128	12130	12148	12151	12177	12183	12185	12197	12202	12212	12219	12232	12244	12245	12253	12272	12289	12290	12296	12302	12326	12336	12346	12347	12358	12360	12388	12389	12411	12429	12442	12455	12457	12466	12485	12491	12502	12512	12521	12536	12554	12557	12572	12574	12585
144	1.0	111	1027	1046	1391	1442	1885	1898	2304	2862	3391	3991	4307	5629	5863	6364	6708	6897	7011	7666	8008	8060	8212	8231	8315	8461	8551	8575	9093	9178	10359	10496	10877	11114	11383	11650	12092	12234	12498	12529
145	1.0	139	282	372	413	628	837	1380	1926	2029	2482	2713	2845	3104	3644	3975	4332	4380	4730	5197	5223	6434	6437	6905	6914	6927	7030	7038	7314	7727	7853	7895	8100	8300	9361	9624	9769	10144	10356	10397	10997	11218	11436	11499	11651	11903	11935	12011	12242	12281
146	1.0	1373	3829	12046	12414	12526
147	1.0	9	45	268	463	872	1208	1209	1323	1600	1677	1954	2105	2329	2440	2661	2701	2810	2902	3453	3456	3510	3554	3849	4746	5103	5115	5121	5237	6077	6461	6543	6686	6929	7291	7567	7860	7992	8204	8424	8776	8804	8955	8970	9005	9007	9132	9317	9698	9721	9847	9884	10169	10195	10209	10270	10710	10958	11254	11618	11805	12038	12083	12147	12340	12377	12548
148	1.0	59	684	1228	1377	1966	2312	2341	2603	2609	2635	2878	3258	3612	4509	4650	4982	5044	5163	5254	5511	5743	5908	6587	6824	6908	6911	7972	8163	8308	8423	8674	8684	8733	8997	9022	9025	9628	9822	10363	10472	10857	11176	11907	11933	12192	12508
149	1.0	828	1750	1791	2186	2966	3041	3264	3741	3753	5382	5587	5912	6331	6410	6412	7426	7809	7916	9028	9269	9465	10167	10676	11181	11760	12037
150	1.0	223	397	592	731	771	779	847	939	955	1139	1192	1340	1652	1895	2048	2171	2236	2246	2263	2362	2499	2772	3110	3303	3618	3770	3805	4003	4039	4215	4226	4409	4462	4493	4903	5003	5126	5202	5604	5619	5882	6171	6788	6849	7006	7282	7457	7828	8017	8402	9716	9783	9942	10501	10821	10925	11189	11287	11325	11866	11879	11930	11942	12042	12250
151	1.0	799	991	1024	1154	1432	1596	1649	1998	2268	2448	2687	3187	3417	3538	4048	4063	4074	4148	4219	4247	4306	4352	4486	4626	4802	5275	5540	5546	5789	5971	6140	6345	6425	6510	6599	6677	6904	7066	7386	7664	7722	7801	7819	8085	8257	8259	8568	8687	8789	8910	9275	9333	9523	9700	9985	10091	10471	10582	10781	11141	11240	11697	11987	12043	12107	12175	12398
152	1.0	480	780	936	1112	1552	1743	1828	1914	2010	2561	2826	2848	3663	4392	4922	5009	5055	5096	5297	5603	5813	5815	5953	7393	7486	7691	7743	8020	9144	9730	9969	10124	10208	10258	10281	10283	10388	10465	10650	11462	11831	11880	12419
153	1.0	1687	1733	2811	3711	4630	4821	5703	6711	10528
154	1.0	4687	6622	7796	8761	9286	10502
155	1.0	1748	2170	3320	4608	6663	8151	9629	10555	10584
156	1.0	673	4359	8096	8819
157	1.0	160	1280	1482	1812	2113	2298	3720	3852	4162	4539	5507	5903	6949	7213	7229	8380	8874	8998	9090	9733	9954	10869	11211	11416
158	1.0	294	387	603	1210	1616	1664	2015	2047	2636	2833	2939	3036	3039	3127	3755	3759	3854	3959	4106	4292	4764	5499	5645	5688	6544	7527	8597	9749	9959	10126	10680	11069	11106	11142	11408	11653	11690	12559
159	1.0	1492	1519	2373	3442	4031	4740	5075	5207	7217	9371	9512	9736	11593	12299	12556
160	1.0	366	436	735	782	1204	1383	1395	1441	1476	1751	1956	2103	2352	2364	2765	2977	3061	3141	3181	3742	3749	3797	4012	4038	4087	4288	5173	5472	5823	6044	6093	6626	6877	7465	7519	7577	7653	8209	8531	8535	8737	8790	8972	9056	9141	9943	10027	10402	10540	11083	11346	11610	11676	11758
161	1.0	420	490	777	827	1004	1042	1550	1718	1725	1909	2069	2231	2445	2516	2634	2691	2766	3296	3407	3792	4023	4423	4722	4783	4984	4996	5038	5155	5227	5304	5388	5721	5724	5758	5981	6033	6382	6402	6502	6586	6646	6651	6668	6992	7033	7046	7331	7734	7839	8026	8241	8336	8384	8403	8806	8843	8924	9134	9176	9576	9596	10019	10224	10276	10546	11209	11540	11657	11680	11890	11973	12047	12233	12586
162	1.0	167	907	3119	3353	3649	3974	4451	4875	5535	6710	6778	7081	8962	9754	10357	11021	11268	11885
163	1.0	1237	1271	2478	2941	3904	4440	4648	4849	4934	5547	8413	8583	9151	9955	11659	12352
164	1.0	455	696	1149	1400	1632	2413	2434	2581	3091	3528	3845	3949	4990	5054	5059	6840	6898	7579	7806	7973	8410	8552	8647	8765	8858	10367	10378	11257	11350	11430	11570	12394	12458
165	1.0	42	327	638	704	752	982	1118	1431	1473	1588	2101	2567	2601	2788	2856	2897	2935	3163	3309	4088	4212	4314	4420	4452	4485	4624	4804	5145	5283	5480	5606	5965	6076	6146	6318	6329	6351	6632	6924	7162	7432	7618	7707	7842	7874	8321	8339	8394	9091	9259	9380	9587	9591	9758	9763	9881	10358	10401	10461	10575	10785	10873	10977	11128	11187	11380	11428	11451	11603	11787	11795	12577
166	1.0	506	607	916	1322	1513	1599	1843	1929	2022	2058	2714	4025	4118	4191	4244	4336	4562	4711	5016	5349	6103	6392	6906	7177	7316	10335	10345	10665	10962	11283	11938	12159	12349
167	1.0	679	2883	3108	3280	4986	5985	6063	6974	8210	8802	10538	12252
168	1.0	1182	3672	3832	4751	5590	5764	7466	7605	7621	8297	8994	9043
169	1.0	94	136	287	295	525	774	790	802	817	868	881	912	1014	1421	1437	1688	1971	2082	2107	2198	2254	2291	2455	2472	2495	2891	2910	2975	3220	3235	3376	3378	3398	3534	3619	3682	3788	3866	3982	4066	4078	4324	4446	4491	4514	4872	4980	5017	5022	5206	5215	5358	5359	5365	5489	5528	5570	5581	5659	5822	5911	5922	6101	6226	6460	6606	6741	6984	7139	7188	7274	7304	7373	7417	7439	7595	7726	7867	7878	7880	7907	8016	8166	8213	8218	8390	8471	8579	8596	8854	8980	9405	9431	9518	9621	9743	9974	10008	10203	10215	10476	10589	10819	10842	10923	11002	11055	11152	11222	11247	11277	11554	11564	11706	11718	11763	11802	12039	12085	12097	12104	12187	12372	12378	12515
170	1.0	21	105	364	438	491	575	788	913	953	1290	1418	1732	2033	2225	2305	2371	2403	2555	2654	2680	2739	2794	2805	2831	2903	2951	2974	3202	3268	3490	3651	3715	3745	4104	4127	4232	4286	4368	4606	4632	4811	5205	5247	5255	5299	5399	5486	5697	5776	5796	5807	5897	5957	6017	6050	6228	6274	6279	6366	6420	6540	6553	6699	6878	7009	7227	7359	7560	7572	7582	7636	7699	7763	7779	8076	8206	8234	8474	8614	8619	8693	8788	8903	8937	8974	9112	9117	9230	9233	9258	9280	9402	9603	9691	9923	10054	10225	10383	10500	10545	10564	11127	11197	11311	11495	11508	11595	11601	11755	11911	11943	12094	12127	12295
171	1.0	164	202	286	414	650	665	672	845	1215	1668	1897	2311	2877	3076	3607	3623	3973	4176	4239	4305	4533	4929	4957	5091	5187	5571	5635	5851	5924	6235	6447	6583	7036	7049	7069	7119	7250	7495	7714	7744	8130	8255	8818	8966	9021	9171	9267	9429	9487	9519	9522	9944	10107	10229	10320	11352	11569	11827	11846	12501	12504	12562
172	1.0	92	254	1023	1734	2154	3647	3667	4050	4685	4902	4937	5381	6186	6539	6645	7362	7441	7716	8188	9052	9996	10247	11155	11166	11641	11970	12109
173	1.0	37	110	367	434	561	581	677	728	740	1238	1376	1393	1825	2009	2106	2316	2477	2619	3114	3218	3257	3573	3685	3954	4688	4719	5010	5108	5114	5387	5431	5434	5601	5709	6127	6166	6258	6799	6975	7029	7164	7310	7444	7551	7601	7622	7883	7900	8348	9206	9583	9737	10028	10218	11020	11646	11849	12213	12325
174	1.0	129	427	459	461	515	574	657	668	681	709	764	888	1113	1217	1248	1262	1273	1527	1570	1707	1817	1999	2317	2350	2685	2724	2786	3106	3497	3569	3586	3688	3771	3940	3980	4000	4009	4041	4079	4216	4259	4269	4528	4695	4735	4945	5076	5139	5144	5231	5318	5340	5665	5700	5716	5832	5988	6010	6197	6208	6291	6446	6814	6910	7032	7050	7109	7487	7540	7542	7546	7596	7624	7820	7849	7866	7995	8032	8159	8283	8317	8460	8639	8640	8646	8780	8838	9020	9128	9203	9400	9483	9527	9713	9789	9811	9837	9904	10003	10051	10147	10297	10499	10745	10834	11004	11139	11204	11266	11274	11635	11654	11840	11886	12146	12306	12369	12441	12475	12506	12587
175	1.0	118	162	523	630	886	1102	1690	2077	2157	2571	2626	2884	2919	3007	3029	3046	3147	3279	3331	3525	3606	3943	4206	4316	4571	4699	4793	4857	5185	5503	5794	5964	6043	6642	6709	6740	6884	6889	6909	7015	7415	7539	7654	7680	7740	7870	7989	7998	8150	8419	8468	8520	8611	8775	8943	9003	9534	9638	9859	9882	9888	10041	10260	10384	10674	11437	11735	11741	12121	12160	12226	12276	12413	12423
176	1.0	410	464	547	588	758	843	865	1097	1198	1430	1568	2007	2085	2426	2442	2546	2716	2957	2992	3050	3393	3493	3657	3966	4731	4820	4896	5176	5277	5300	5895	5999	6082	6118	6326	6592	6853	7655	7736	7976	8190	8478	9101	9237	9285	9796	10193	10206	10237	10377	10879	10961	11293	11528	11529	11621	12020	12078	12256	12334	12471
177	1.0	1037	2028	3037	3410	5372	5842	6576	6717	7925	8768	10207	11410	11596
178	1.0	52	159	257	328	476	584	640	724	733	784	796	826	866	925	1132	1152	1311	1315	1412	1489	1830	1850	1860	2132	2210	2238	2332	2447	2504	2574	2668	2702	2733	2797	2830	3080	3123	3125	3306	3342	3380	3454	3527	3601	3613	3704	3851	3897	3992	4096	4101	4115	4142	4156	4400	4410	4413	4517	4666	4674	4714	4745	5020	5225	5281	5453	5498	5539	5768	5966	5980	6040	6041	6794	6851	6952	7115	7201	7324	7365	7389	7445	7634	7774	7892	7908	7932	7982	8019	8036	8066	8117	8132	8253	8329	8526	8532	8839	8884	8992	9037	9087	9161	9225	9376	9394	9447	9454	9578	9590	9705	9748	9761	9889	9900	9917	9967	10005	10175	10241	10302	10437	10468	10485	10625	10647	10772	11103	11169	11633	11667	11696	11780	11999	12088	12120	12312	12460
179	1.0	15	151	265	528	707	767	769	1932	1981	2032	2464	2511	2820	2955	3250	3848	4618	4662	4961	5128	5325	5403	5531	5681	5902	6337	6354	6422	6496	6736	7108	7155	7276	8164	8238	8244	8850	9670	9835	11077	11178	11328	11484	11576	11599	12329	12399	12416
180	1.0	878	2398	2533	4054	4311	5615	5723	5955	9167	9211	9335	10289	11725	12303
181	1.0	635	1559	1697	1995	3115	3725	4110	4396	4536	5192	5204	5975	7535	7715	7835	8094	8347	8422	8627	8810	8958	10010	10319	10498	10603	11392	11881
182	1.0	16	20	76	89	237	373	452	596	633	778	840	879	908	958	976	995	1111	1122	1263	1266	1463	1659	1719	1729	1867	1893	1962	2011	2059	2208	2232	2325	2346	2487	2544	2562	2610	2633	2637	2673	2698	2801	2827	2945	3120	3124	3135	3282	3335	3439	3443	3562	3621	3779	3899	3985	4018	4280	4362	4670	4791	4908	4998	5122	5191	5208	5356	5386	5449	5475	5478	5563	5620	5811	5838	5866	5909	6048	6244	6304	6371	6386	6439	6450	6595	6821	6862	6885	6886	7073	7141	7200	7242	7279	7326	7394	7458	7541	7568	7635	7721	7833	8004	8064	8072	8153	8172	8622	8706	8751	8894	9055	9116	9383	9407	9509	9544	9663	9668	9683	9741	9744	9802	9831	10040	10045	10052	10062	10085	10113	10120	10197	10222	10256	10376	10474	10510	10554	10660	10679	10770	10786	10875	10926	10957	11029	11037	11071	11079	11121	11132	11260	11300	11317	11335	11355	11384	11514	11550	11783	11797	11824	11837	12204	12397	12505
183	1.0	84	281	808	1006	1018	1281	1416	1506	1525	1784	1903	1933	2133	2295	3040	3639	3754	3927	3978	4222	4260	4404	4419	4432	4616	4823	6119	6242	6534	6712	6748	6830	7151	7512	7613	7977	8082	8109	8133	8247	8486	8530	8621	8928	8945	9169	9263	9425	9956	10098	10606	10735	11061	11082	11449	11733	11786	12050	12054	12427	12439
184	1.0	7	47	147	429	732	1026	1214	1786	2265	2861	3358	3942	4135	4354	4471	4523	4861	4923	5862	6149	6161	6230	6289	6679	7014	7768	7780	7957	8191	8367	8582	8800	8880	8964	9702	9760	10114	10248	10570	10782	10809	10838	11516	11556	11630	11776	11878	11931	12014	12176	12215	12402	12495
185	1.0	143	166	555	761	1062	1165	1480	1874	2392	2617	2781	2849	3230	3765	3874	4268	4578	4587	4860	4891	5025	5252	5321	5461	5664	5701	5729	5889	6047	6079	6174	6316	6486	6524	6541	7515	7564	7836	8274	8608	9029	9046	9133	9462	9510	9637	10667	10697	10808	10944	10987	11066	11198	11259	11397	11413	12086	12381	12435
186	1.0	36	112	154	188	273	576	591	627	833	875	920	997	1030	1058	1138	1170	1296	1339	1615	1662	1870	1899	1974	2006	2153	2192	2303	2481	2679	2799	2855	2938	3048	3089	3137	3195	3366	3415	3515	3656	3729	3762	3796	3831	3839	3958	4217	4299	4319	4417	4535	4757	4773	5028	5150	5260	5366	5459	5704	5756	5802	6018	6034	6038	6052	6117	6214	6234	6335	6406	6498	6573	6574	6584	6629	6746	6804	6842	6882	6990	7051	7061	7259	7327	7513	7594	7861	7970	8168	8202	8268	8279	8323	8397	8481	8556	8591	8747	8798	8847	8893	8917	9153	9260	9262	9771	9949	9960	10236	10330	10409	10558	10561	10614	10627	10662	10734	10796	10812	10814	10874	10999	11040	11289	11353	11502	11530	11565	11566	11742	11813	11914	12129	12156	12166	12285	12288	12298	12371	12373	12486
187	1.0	399	600	1858	2812	3360	5632	5936	6078	7745	8386	8604	9261	10046	12525
188	1.0	298	646	1580	2244	4414	6850	6920	8628	8833	10722
189	1.0	217	354	396	422	577	611	988	1057	1166	1195	1261	1845	1880	2035	2297	2400	2457	2459	2519	2551	2669	2709	2857	2986	3009	3451	3532	3786	3865	3963	4540	4553	4921	4994	5018	5065	5209	5519	5644	5871	6020	6246	6424	6607	6615	6625	6956	7254	7308	7407	7408	7509	7854	7928	8018	8034	8047	8057	8088	8290	8418	8448	8472	8503	8724	8777	9026	9332	9450	9504	9538	9797	9940	9941	10095	10251	10267	10346	10406	10515	10539	10544	10565	10741	10760	10764	10835	10836	10973	10978	11124	11162	11262	11612	11746	11808	11937	11949	11958	12248	12401	12561
190	1.0	90	5470	7818
191	1.0	77	106	150	181	563	573	692	708	712	880	1330	1515	1572	1851	1855	1976	3060	3354	3693	3790	4198	4438	4843	5088	5107	5385	5558	5626	5963	6016	6243	6284	6620	6802	7507	7650	7755	7872	8071	8276	8342	8823	9299	9494	9599	9612	9981	9984	10069	10138	10447	11147	11224	11364	11434	11711	11775	11864	11869	11893	11946	12201	12210
192	1.0	350	1951	2558	3256	3563	4117	4444	4669	5314	5380	5424	5779	6026	6113	7111	7342	7608	7724	8497	9272	10071	10210	12535
193	1.0	1401	1446	1689	2930	3005	3400	3691	4082	4171	5272	6771	6800	7110	7292	7556	7751	9160	9430	11511	12118	12144
194	1.0	125	267	498	620	744	792	885	989	1020	1063	1082	1106	1117	1142	1146	1300	1360	1414	1417	1440	1484	1499	1510	1538	1546	1583	1623	1759	1800	1888	1910	1947	1984	2108	2112	2261	2342	2401	2435	2717	2741	2802	2824	2888	2927	2943	2969	3095	3112	3113	3287	3300	3307	3499	3531	3972	3995	4146	4166	4246	4309	4321	4331	4479	4544	4659	4665	4672	5029	5142	5165	5280	5310	5494	5749	5765	5844	6013	6187	6215	6357	6358	6407	6419	6499	6571	6667	6812	6813	7120	7145	7382	7559	7566	7646	7648	7831	7961	7964	8134	8197	8264	8267	8310	8313	8482	8598	8644	8665	8704	8714	9291	9304	9321	9372	9384	9411	9453	9632	9711	9735	9820	9829	9961	10035	10127	10219	10413	10469	10478	10572	10682	10744	11003	11012	11072	11245	11359	11465	11501	11573	11580	11615	11722	11820	11857	11876	12077	12101	12221	12293	12331	12354	12365	12549	12553
195	1.0	8	23	41	74	83	120	200	204	216	236	356	388	435	754	755	770	804	834	929	975	980	986	1000	1055	1144	1251	1352	1407	1555	1693	1735	1736	1789	1792	1965	1975	2063	2205	2219	2259	2361	2363	2475	2506	2616	2659	2674	2748	2775	2917	3274	3291	3305	3308	3344	3452	3507	3524	3676	3962	3997	4119	4253	4328	4379	4456	4489	4520	5071	5317	5319	5343	5344	5451	5501	5562	5714	5907	6045	6134	6177	6205	6219	6272	6369	6501	6693	6782	6843	6866	6963	7077	7146	7296	7348	7368	7396	7695	7782	7897	7911	7912	8078	8181	8303	8324	8346	8395	8626	8669	8941	8946	9018	9129	9184	9428	9463	9641	9666	9809	9907	9966	10014	10234	10278	10292	10325	10398	10411	10491	10492	10559	10668	10670	10671	10706	10889	11028	11131	11322	11365	11407	11572	11655	11695	11751	11784	11798	11812	11834	11905	12030	12080	12112	12143	12179	12308	12464	12519
196	1.0	1511	4906	5846	6300	6504	11014
197	1.0	19	1648	1964	2579	2780	3023	3067	3703	3933	4351	4727	5420	5707	6483	6633	7007	7121	7565	7746	8193	9076	9105	9477	9528	10121	10600	11940	12497	12581
198	1.0	46	1159	1335	1625	1779	1853	1887	2750	3002	3192	3810	4151	4531	4858	5390	5396	6175	6338	7357	7902	9219	9236	9539	9609	9722	10467	10517	10867	12386	12583
199	1.0	699	1455	1459	3844	4094	4658	5702	6383	6809	7748	7945	9979	12264
200	1.0	816	1221	1493	2262	2559	2576	2994	3075	3513	3609	3708	4019	4399	5354	5440	5816	5829	6290	6531	6701	7922	8580	8867	9038	9329	10039	10055	10125	10392	11642
