1	1.0	5166
2	1.0	10392	5263	19
3	1.0	8231
4	1.0	12035	3836	10126	1200	3858	4948	5310	12003	142	2524	11862	9453	7975	1088	5794	8998	4953	8658	11091	8569	6639	1567
5	1.0	1411
6	1.0	9112	6275	11632	11480	1826
7	1.0	1113	12030	10760	11830	11474	7753	11452	1327	2462	10448	9360	5937	8705	7130	3827	5476	7604	12023
8	1.0	6843
9	1.0	5866	2291	5347	12217	6680	4015	11216	1544	2620	8923	3802
10	1.0	7185	4375	886	3779	1555	10078	1691	6446	3633	9351
11	1.0	3519	6214	5670	2887	7962	6336	595	4907	4804	2963	6603	10421	7202	10629	7098	12115	1054	11520	6634
12	1.0	1094	11970	10601	5859	8013	12383
13	1.0	10959
14	1.0	4607	4602	2533	7457	4850	198	5572	8145	4270	2253	11973	7845	5466	11341	3337	8089	1700	9048	6807	8492	2694	7192	11295	11746	2712	10324	9729	4903	486	12072	644	4201	10066	2248	10158	11860	11486	2411	6527	1073	11057	10076
15	1.0	8773
16	1.0	1176	3585
17	1.0	11489
18	1.0	5885	9027	10065	4244	7786	2607	11872	9077
19	1.0	12160	1838	1260	108	9550	11426	1637	770
20	1.0	8902	3098	6197	3903	902	11699	7355	9096
21	1.0	9104
22	1.0	9035	11953	11590	2400	3817	3639	7833	9645	11071	2162
23	1.0	9827
24	1.0	3122
25	1.0	155	1925	5013	3380	3832	1345	3288	5330	1491	10585	945	362	4507	3292	4544	5197	2346	11715	9465
26	1.0	8842	5618	1322	2402	2396	11745	3908	11186	4546	4305
27	1.0	10388
28	1.0	6714	4394	1819	7302	6884	5740	4074	1027	2166	4490
29	1.0	3783
30	1.0	7042
31	1.0	173	6907	12206	11131	10680	5656	8312	8318	3640	11476	8079	1446	11287	9159	3662	11458	4843	11997	335	6311	2805	2255	9796	9805	4390	4251	3835	377	7068	12101	2844	10997	7303	9022	9109	2985	437	624	4142	4576	7795	7807	1187	884	6869	1911	1913	9825	2632	9040	5768	12183	3038	11889	1188	10540	11167	685	243	2695	11749	10504	1624	1776	5279	834	3652	5836	2775	4228	4051	11424	1082	4071	8972	1658	7099	8365	12102	2268	2455	1971	5509	9990	5485	3809	637	6068	894	989	11506	10047	10755	86	9876	7476	11170
32	1.0	11652
33	1.0	6795	10881	179	253	8030	4295	7998	6188	5679	2537	7149	2149	2	8316	11456	10341	12328	3625	2445	3833	11625	6164	1056	8241	3875	2234	11660	1034	10733	1180	8642	6431	2358	669	6302	1538	143	11761	6627	7226	11837	9085	2671	790	9226	10714	4633	2735	9633	3375	5810	10204	202	8887	1374	9939	2281	10012	6088	5020	968	4863	2477	5527	4383	12139	12130	6174	4827	11338	3866	4959	5136	3120	4801	10481	9071	9680	7256	5829	10647	5635
34	1.0	11233
35	1.0	11998	3688	9920	6137	7360	11082	8746	7440	11108	8068	10462	3354	9999	11867	8461	5716	9662	9682	3160
36	1.0	12249	1642	11951	7566	3283	9411	8614	3311	5480	2386
37	1.0	6684
38	1.0	3061
39	1.0	11751	9382	913	5191	7295	8433	4714	1341	2748	6112	7374	6877	710	6611	11714
40	1.0	12310	4938	2324
41	1.0	7886
42	1.0	8930	445	8633
43	1.0	6267
44	1.0	2304	10682	7508	2237	9807	980	12399	11258	6722	8363	2873	11900	10785
45	1.0	9557
46	1.0	10928
47	1.0	373	6074
48	1.0	2514	5671	6752	1214	11289	9150	9458	2782	479	5487	10148	4253	3248	2393	9821	4337	7381	10545	8024	6191	10198	4182	6494	9725	8321	10921	1087	4877	8751	9609	7016	8673	9864	4132	9580	11777	80	6833
49	1.0	1174	4729	8714	5619	4531	9982	9287	1953	5919	1896	4488	700	2678	3179	2109	244	1770	8187	3463	11211	3213	9606	11483	3865	9426	6613	6851
50	1.0	12065
51	1.0	2319	10876	2527
52	1.0	1569
53	1.0	10706	3515	4591	174	11565	6771	4294	7819	797	9176	3007	10732	6900	4064	951	1662	8026	12146	5883	1347	9897	8608	463	2118	10018	9829	2966	10856	9697	4482	6805	9519	4775	9706	3659	2566	11427	1675	1089	288	6306	9319	8956	8993	3252	8675	4548	12366	12363	10297	9870	11521	10551
54	1.0	8892	8267
55	1.0	11478	376	2896	1086
56	1.0	7039
57	1.0	3518	393	5617	10763	810	2535	5220	3937	2827	11116	9111	4474	9328	9768	808	7843	7547	11498	11492	10770	4146	3855	4555	7612	1532	10287	6824	12395	3173	7267	10426	8852	6767	8873	9394	2899	4902	1698	1061	964	8150	8690	7703	1654	5894	326	9472	4885	6355	2486	4179	9376	1808	6380	10861	3726	2918	5924	9688	9092
58	1.0	1540	1574	11878	5787	6947	5405	10493	9646	3332	10015	11505	4327	3764	2490
59	1.0	3208	9469	3890	3568	9261	6227	10303	2024	5367	286
60	1.0	11540	3020	3472	9921	7165	11263	499	10473	1463	10913	8688	959	10103	12289	8967	10950	3344	9189	7063	9988	10161	5472	1018	3871	6883	8646	1914	234	9867	11394	8184	208	2526	5397	3676	7177	3051	3406	12412	8167	4381	7859	7905	11638	11969	3454	4177	4509	7034	1923	10781	2959	5696	2108	5110	10754	652	12307
61	1.0	10578	4192	2538	1301	10028	9764	10117	8778
62	1.0	6772	157	9738	9909	2575	6339	1668	4210	8399	3348	9406	8850	1956	1039	8640	1872	9887	8784	6599	7469	2710	1718	6740	9559	11423	5796	6976	10154	3825	3319	631	3127	2911	12196	10556
63	1.0	497	11038	12112
64	1.0	1645	6228	749	4313	8197	8573	6933	1635	5427	3298	4308
65	1.0	10649	10458	2881	7228
66	1.0	12205	9889	10166	2778	11333	8794	10722
67	1.0	5205	7507
68	1.0	8526
69	1.0	8253	8422
70	1.0	967
71	1.0	3438
72	1.0	3845	1309	490	8696	6841	6927	9309	2271	4537	8854	11362	6685	10796	7540	2236	4572	7021	741	747	8257	6058	6283	7707	3235	7539	1801	1809	4995	7030	11018	6897	10655	3727	898	11175
73	1.0	5875	12324
74	1.0	12338
75	1.0	5411	11066	10899	3448	9689
76	1.0	11566	12218
77	1.0	1157	1305	11433	1400	3242	2059	8550	11274	6111	8684	8149	11641	10678	11176	7640	9014	5497
78	1.0	934	2685	3748	11562	365	7771	1462	3507	870	954	10663	10595	7714	9291	7352	11976	11499	1858	8275	2377	4940	1919	11513	3137	1531	6848	5388	8186	10509	3286	3619	9667	410	9625	5003	3822	5005	6273	909	9255	9585	7248	8406	11310	12170	4939	3346	1633	2492
79	1.0	3108	4321
80	1.0	11118
81	1.0	10431
82	1.0	256	10766	10185	1231	9940	4760	9924	4855	4043	4049	4233	10579	3600	11229	8373	9455	8586	4392	4022	8697	2276	1609	9597	1277	7949	2621	8788	5163	12377	11700	3371	5461	8762	10527	11124	5660	8181	8898	487	3677	11869	9914	1679	4106	5569	303	11987	4466	9781	9608	5116	6272	9642	8339	2601	1197	3326	6890	2627	1506	5756	4707	1527	9880	82	9912	7270
83	1.0	5983
84	1.0	9771	2223	4329
85	1.0	2187
86	1.0	9018
87	1.0	97	10371	8864	9563	1581	6730	4269	2577	4432	10311	579	11917	2098	11938	1428	5558	5856	10369	3033	5257	11445	5583	4868	3986	525	11659	10034	2389	11151
88	1.0	8423	769	2669	12175	849	3702	12116	5908	9581	9885
89	1.0	8143	2146
90	1.0	9254
91	1.0	3285	5017	7736	1406	3994	3831	2420	5285	4370	10640	8219	9385	2731	9496	481	6726	1477	10905	1311	1619	5565	31	2249	6154	9436	12248	1	4955	6876	3555	1880
92	1.0	5095
93	1.0	11280	6209	11241	6308	9677	1466	6557	1438	7696	7526	9047	10604	239	12397	1163	3529	6116	9149	7287	6596	10133	11089	3829	3457	1986	63	11092	8485
94	1.0	6374	11140	1454	5117
95	1.0	815	684	8542	12242	4048	11197	1343	8397	6572	6145	8228	4951	610	1186	3115	5346	3377	1517	6802	5624	1556	10202	9716	2898	965	4878	8383	7850	9237	2202	6348	8284	2220	4349	11149	3299	7432	3341	3767
96	1.0	529
97	1.0	11710
98	1.0	7665	10741	7759	8922	12120	7527	11325	7342	1719	12172	466	1114	11942	9618	1926	3291	110
99	1.0	4315	2832	3989	6543	8260	7012	5699
100	1.0	6212	7668	8687	4026	10627	4359	6646	7000	6860	6011	9248	4280	6421	11788	2544	11947	4035	10276	2121	137
101	1.0	1337
102	1.0	10841
103	1.0	6799	7459	6537	175	8712	7887	158	8133	9747	10306	4884	7774	9158	976	3956	4452	4458	6065	7120	9433	2011	4396	293	581	11102	6141	12089	11914	11916	1954	3245	614	511	7568	10123	5934	10068	5914	2942	2586	762	5955	5147	5141	7243	3394	10894	7677	3692	9181	1526	2522	3737	3079	2541	4427	7534	7112	2774	1433	2126	2478	3432	8304	11940	12062	530	9257	4991	1237	6502	11656	5713	9372	25	11892	3471	9602	11927	6049	9072	5776	3503	2349	5320	5492
104	1.0	9528	2684	5610	5056	5051	4603	6363	818	1112	12244	1295	319	874	8683	3602	3389	12285	3414	6077	10998	1893	5438	6235	6971	5181	9087	722	791	4652	101	12238	10563	4285	12025	6244	9570	12254	3927	5309	1062	5024	7930	7700	7137	4872	3983	7878	9627	6562	7058	7834	1804	9135	928	6069	757	5734	1271	10860	1787	6956	2342	8801	7895	116
105	1.0	3647	6944	10411	538	11668	2948	11305	2714	8301	8932	2229	505	9818	2756
106	1.0	9522	4741	4763	8017	4832	6086	9153	3933	6938	7928	3047	8131	8901	2828	11417	6556	9886	2196	1364	7866	2056	11646	8298	9302	4084	6641	8415	12337	743	4946	8196	11725	6622	3715	2922	2036	7260	9745	9533	3523	2968	6220	224	3651	12134	9398	8938	28	7985	6117	10929	1335	4462	1437	4866	6548	6721	7852	2870	7926	11655	5717	3305	2935	8405	8212	6891	616	1276	615	5961	12340	773	11058	3446	8226	10842	9871	994	11095	5152	10552	8824	5639	8480	8489
107	1.0	11817
108	1.0	1158
109	1.0	1401	7253
110	1.0	10169
111	1.0	3745	11835	8371	9806	8292	7363	11320	4968	7194	1711	5429	4831	5440	8933	3862	9033	5637
112	1.0	2552	558	7630	8895	10442	3576
113	1.0	10748	10996	10836	881	1552	2062	4569	2495
114	1.0	2183	8500	830	5037	664	5333	1106	7532	7574
115	1.0	12036	6478	10936	12210	12270	2758	11039	3347
116	1.0	11759	6104	1890	9696	6013	10671	4867	6337	2668
117	1.0	5550
118	1.0	3390	8113	9984	7916
119	1.0	5595	3811	2924	3696	4288	4055	10172	1739	6500	2932	11094
120	1.0	1966
121	1.0	5868	11330	3577
122	1.0	8943
123	1.0	278	11110	699	2723	7941	4781	854	6610	5531	453	4533	7060	8159	1387	4167	11669	7794	5695	4144	1267	1795	9840	2654	10386	1147	483	9556	9124	8856	2819	4819	6094	11587	6345	3483	8797	1889	8208	7890
124	1.0	3665	11971	3490	4901	8262	11311
125	1.0	92	8710	8354	10087	8988	3498	1268	10752	9120	323	11015	3100	12349	9097	7273
126	1.0	11366
127	1.0	8110
128	1.0	1420
129	1.0	3068
130	1.0	4635
131	1.0	8733
132	1.0	4221
133	1.0	1134	3041	3416	3328	9364	12188	7402	2266	7336	11051
134	1.0	1628
135	1.0	4303
136	1.0	3365	660	2783	9692	9393	7745
137	1.0	7006	5602	2565	9541	7894
138	1.0	3008
139	1.0	6792	276	9450	11262	7124	9300	4800	417	1434	998	7428	5317	3711	3528	6423	8060	2132	11189	32	9782	8366	3786	2083	3932	2951	2752	10299	5697
140	1.0	1177	12031	469	1460	7593	10773	12081	2636	1607	6034	8553	2317	100	10525	1530	8639	5467	3315	1805	7704	8679	6381	5968	12360	9875	10657
141	1.0	1924
142	1.0	11842	9137	9753	2174	8584	1382	9423	3314	5684	1559	4187	11235	4916	6959	3430	9763	3864	1803	8753
143	1.0	6510	3699	8269
144	1.0	6530	7935	6419	9544	5822	6100	12149	4552	5682	3178	7204	5587	864	1415	1490	5732	1740
145	1.0	3480	1170	3749	11991	7216	9779	6759	6247	2142	8053	2290	3045	6903	3608	10105	7129	3974	4979	4278	5555	584	8941	6574	2428	6161	2794	3874	7028	6397	5915	12087	1703	6604	2975	2780	6840	6303	6038	10728	12398	4737	10385	1753	5877	10365	9518	5189	148	10523	10206	10789	10246	6092	11623	9404	11251	12319	1314	11215	328	10945	8156	8953	9612	3211	8282	11907	5327	12177	10031	7372	5035	6048	2977	10863	1860	10488	983	9213	12368	5771	2060	1962	3085	8557
146	1.0	8549	399	1308	7127	4470	4476	2861	5537	11595	4824	6531	9653	10124	9804	8272	10001	9599	9043	7502	9849	7031	1360	10142	141	2701	9705	6400	11637	10335	3094	2830	11376	12110	6508	4977	638	8091	4541	891	897	12199	2123	6443	3167
147	1.0	8296	397	9383	5453	6516	827	6480
148	1.0	1680
149	1.0	12138	5030	8698	2014	3629	5340	1648	2801	9660	1978	2404	8764	9497	8183	5649	1537	5521	10030	5345	2367	1788	9175	5773
150	1.0	5970
151	1.0	1764
152	1.0	274	4788	3594	1464	9130	5575	2463	8965	6961	531	9368	3795	6312	7792	8661	8270	1701	10005	1074	3893	12371	10288	704	5313	7957	7654	1575	3524	4759	10368	6376	11943	5044	8720	9954	837	3190	3653	2523	2567	5567	10583	1901	580	321	364	10157	5448	8441	6525	5730	6652	5377	6916
153	1.0	11228	8046	1355
154	1.0	11249
155	1.0	2023
156	1.0	12070	1974
157	1.0	5437
158	1.0	99	10399	4190	3227	9459	11572	8074	5223	4437	1467	11112	3417	9445	6121	297	10979	11361	9428	11009	11340	7564	6661	666	7610	5687	6609	1024	124	9412	3171	7463	11579	2045	7201	10415	8701	10329	480	4924	5023	5022	4443	7533	8915	300	462	11949	1378	10985	7395	5920	83	8672	2976	1965	9070	1060	5082	2931	5159
159	1.0	813	8474	7813	5343
160	1.0	11799	4040	5574	4104	7405	145	5644	7879	10174	9817	1293
161	1.0	3474
162	1.0	2709	7772	3243	9009	7596	6014	12239	3055	4676	9274	5172
163	1.0	1178	3090
164	1.0	1324
165	1.0	1769	5672	1683	4276	1817	5744	8439	5769	2470	7881	7209	12273	11271	7706	5459	10207	1716	10639	2403	6632
166	1.0	93	3738	11534	2288	11397
167	1.0	8858
168	1.0	6084
169	1.0	3682	1329	7695	9890	7041	9831	2371	11557	6969	3650	10460
170	1.0	3999
171	1.0	8919	9962	10180	4193	2555	3664	2573	6237	10315	872	3046	10938	3418	832	2863	7229	8459	2984	8473	2230	6660	9587	10850	3898	2482	7650	3774	5621	9538	4670	354	8066	6091	11279	4896	9547	8859	4914	6954	6484	567	5500	4525	1829	7375	2599	2757	5328
172	1.0	1588
173	1.0	1681	12100	4577	1713	5396	3583	5547
174	1.0	3312
175	1.0	3363
176	1.0	2689	4721	6777	1442	12404	3655	10589	10942	7053	66	3867	9813
177	1.0	12011	3511	3028	11798	5010	5825	191	2763	7955	2572	11209	10919	7730	4450	9301	1361	11369	5275	1558	10511	10516	12358	3545	3133	11885	10549	1519	1148	381	10410	8049	1891	6491	10351	6732	3946	3426	1085	3637	4870	8361	10632	1503	9997	428	9250	3278	4821	8266	8213	11671	8671	11502	6022	6612	12190
178	1.0	9483
179	1.0	7873
180	1.0	3982
181	1.0	12066	1941
182	1.0	2512	2700	2803	10433	5935	7092	353	6328	2244	2086	7431	9177
183	1.0	8010	7282	6737	7103	2039	4069	12283	11605	2449	1970	2847	8479	4608	9194	10377	10873	3899	10859	12234	12233	3751	10777	4777	11257	6720	9558	4829	4446	10463	341	10963	4031	11370	2853	1611	10636	7277
184	1.0	2171	7234	10795	9594	642	7013
185	1.0	831	8948	2982	7956	6481
186	1.0	5380	5704	1839	5562	1233	7398
187	1.0	1495	9118	1222	3821	2667
188	1.0	5224	5703	9263	12195
189	1.0	2425	1950	2390	2046	8913	10759
190	1.0	9259	8541	7454	11202	7069	2210	10851	8002	5851	4289	6254	2563	12097	73	8229	8566
191	1.0	5847	7669	10379	5070	2415	1720	6717	11453	1465	875	6928	575	11956	4254	12211	8100	1010	1831	5490	1992	516	3495	7591	7801	4014	3284	11724	11530	7387	264	7266	2739	10156	5818	7223	9952	920	3922	7988	5564	4261	9478	1352	9439	402	4834	2228	7782	8618	6985	11059	3129	2751	6509	3721	9855	113	1748
192	1.0	7442
193	1.0	5989	4847	9774	811	7967	4785	8334	337	5496	11511	9306	4909	8817	5085	12021	11126	1723	3422	8344	11400	9996	3559	8486
194	1.0	10258	11568	817	12056	11455	12287	3413	5889	8851	9981	5462	1055	1834	7560	11060	5729	2398	4338	4335	3015	12376	106	4631	11740	2979	9325	5062	11806	8067	9726	4849	6505	2087	12113	5735	12063	617	8791	4136	12179	848	3766	7271	8827
195	1.0	6458	9561	10667	6370	4250	2279	5288	8274	9023	11147	2691	8044	5811	4428	12311	280	1967	9030
196	1.0	9407
197	1.0	10352	11870	5184	5451	6532	10495	8129	1502	618	7606	11522	8562
198	1.0	2686	3747	11561	4743	232	1754	3277	11815	1546	10102	9669	11950	4023	552	5533	6166	9280	8665	3850	12086	12339	12330	11048	6662	5978	12353	1794	7676	1283	4815	6223	10500	5049	11828	4610	9702	8724	10756	11615	2225	4204	11184	10729	6135	8104	10091	8442	8990	8997	4502	9005	9811	11674	6063	5964	6042	7333	1254	11712	7399	8325	4492
199	1.0	2025
200	1.0	7319
201	1.0	2380
202	1.0	632	7343	10832	1053	9127	248	11123	7764	6939	3700	5897	54	9126	4682	5638
203	1.0	9333	3080
204	1.0	2272	7827	7614	7244	11577	11827	206	12064	4058	7118	3630	8364	11618	8616	6650
205	1.0	8138	2270	359	9537	3466	1476	11396	11016	1747
206	1.0	6773	197	4473	102	829	9312	11693	716
207	1.0	9687
208	1.0	912	8929	11191	784
209	1.0	1561
210	1.0	4780	6036	4521
211	1.0	11848	3533	4197	10684	1111	11269	6473	3661	4844	11992	3607	3415	10042	11000	1856	10248	1059	122	9454	5892	6139	9786	3985	4388	6506	7316	62	10201	6855	11529	1749
212	1.0	176	6711	11931	8992
213	1.0	2441
214	1.0	6213	8191	9422	11062	6079	4287	2194	11825	6749	2022	1081	2839	4240	1370	11586	4954	10485
215	1.0	2992
216	1.0	6715	12276	11846	11902	8563
217	1.0	6929	9616	8470	4372	1316	11422	5255
218	1.0	363
219	1.0	10885	159	3910	193	7711	9989	7036	10960	9246	1144	4639	4205	2242	5502	5138	7817	4491	2643
220	1.0	10532
221	1.0	4727	1895	12008	2284
222	1.0	8685
223	1.0	7390
224	1.0	5849	8866	11132	4237	318	12092	3412	9656	3199	9637	374	10029	8985	645	8576	6624	8743	9265	5088	8025	4638	2734	10503	8043	11122	6402	11407	8977	2836	7096	2875	6565	8465	2089	1021	11697	2597	7250	2930	2161
225	1.0	10765	492	9906	597	6571	4353	8989	1205	10281	5253	357	4468	589	11075
226	1.0	3423
227	1.0	4749	11141
228	1.0	674
229	1.0	5471	8606	6614
230	1.0	6083
231	1.0	11763	10186	3005	6524	5570	3975	2448	5107	6889	9201	786	5246	4442	3403	3231	8440	2336	756	7727
232	1.0	7183	8865	6356	5180	585	2791	7788
233	1.0	1542	8522	12204	11136	4230	9444	10597	1424	5407	5054	1383	433	1488	603	9029	5162	2909	477	3697	12214	5605	8040	11781	23	9123	8326	960	5820	8381	8468	8402	3762
234	1.0	6770	4194	6240	5074	1130	7147	5654	4725	1366	11360	11645	3873	11491	1181	10494	8255	1791	260	1160	8552	6207	8761	2768	2760	378	6427	10685	9514	10778	1128	4099	3581	904	1790	12137	12078	1677	3468	11401	8597	2243	6488	9315	7070	8445	10217	1238	5096	2387	3254	8249	2857	10650	5373	4706	2493	1525	9268	2646	2063	2649	3760
235	1.0	10637	7350
236	1.0	11543	8860	10454	7453	651	4239	4459	2015	8964	2806	1427	9078	10972	10085	3228	9894	5282	12300	3793	6313	8085	995	5918	2943	2375	11510	12359	1264	9842	11766	7247	6822	6825	2104	12005	8028	10417	10057	9700	17	12150	6364	6912	647	5560	10615	7518	7286	11375	9335	10806	1909	10484	2340	6854
237	1.0	6706
238	1.0	10886	2307	6433	6298	9115	7863	613	2064	12334	8233	5314	476	5996	6429	5216	1523	655	7647
239	1.0	67	8564
240	1.0	6003	10188	9948	2418	839	12165	4434	11204	6294	3044	6123	11955	7690	11023	12082	6518	6512	3792	1275	8086	12209	742	10497	10269	5760	3892	11550	6012	9084	10382	8023	7448	3755	12041	12027	11633	4922	3058	12173	8750	6979	11152	11359	11482	2414	2591	4309	2122	6997	1602	5156	5491
241	1.0	9751	8841	6589	6253	3934	2440	10994	1481	10799	9596	6845	804	6407	3906	3900	8329	5566	6177	9294	991	10730
242	1.0	9752	6186	5075	1138	10455	10689	8073	3663	3386	2740	5573	7717	9790	296	10798	9427	5283	1431	8299	9001	11328	7501	8787	4923	4101	7380	7672	5042	1129	7227	12264	5068	781	11782	1590	12068	946	10155	7902	9357	11904	7032	2954	772	8650	3723	1522	9218	4320	10849	11716	4494	11778	7925
243	1.0	5779
244	1.0	11238
245	1.0	2124	5630
246	1.0	7080	2054	8621
247	1.0	10769	4397	8297	11768	8057	3056	3945	7709	1781
248	1.0	494
249	1.0	10969
250	1.0	1644
251	1.0	8317	12237	4368	11695	10291
252	1.0	5980	6796	698	11760	9960	9503	2157	5863	8862	7498	9170	6327	1936	4864	6922	1647	578	4277	7348	11004	7361	7790	10817	7238	10775	6045	10496	2960	2134	568	10041	1751	4757	10228	6420	10059	820	7761	6745	4791	2401	9916	4445	4206	9320	845	4463	465	7839	1492	3077	4343	4151	9603	2043	5436	11056	10070	8804	7627	8560	7276	7278
253	1.0	7666	5862	6208	8869	3025	4974	7777	3911	2559	1213	7102	8122	8137	1932	10592	8377	4275	7865	6143	9983	7594	3317	11065	8668	11683	10870	10492	8256	7409	11707	6821	2928	4736	5855	1280	11164	11574	2696	8702	5601	2503	5455	6241	5066	11780	2406	1104	11404	948	8979	7688	8596	4661	1440	45	7992	8384	10178	11031	7780	11332	9278	1518	3255	7358	77	8651	5754	893	933	713	6008	1274
254	1.0	12295
255	1.0	2746	7667	9508	346	7752	1099	11432	7125	11227	2197	2077	5458	8454	7541	2153	5741	6052	10854	2974	9164	6015	10422	11741	10318	4691	4776	788	4382	782	11611	3588	9917	12231	12296	583	8447	9474	2203	1630	2812	4245	9245	409	8144	59	3451	8287	3806	4348	6471	4154	11678	4369	11077	1846	1942	8790	8420	7335	1041	11739	4912	7257	6633	11178
256	1.0	10112
257	1.0	8715	5389	1369	7524	3502	3679	6708
258	1.0	12038	3912	3930	358	7394	1601	3870	6198	448	6329	2205	8931	10726
259	1.0	7040	5399
260	1.0	6846
261	1.0	12220	3022	798	10933	6125	11365	532	6396	5351	7652	2198	8061	3670	7857	4094	5942
262	1.0	2035	9330	4198	9904	3852	2312	7205	1774	8324	8369	49	9432	10159	8094	8487
263	1.0	6655
264	1.0	11662
265	1.0	11547	8038	5076	697	9443	1017	8795	2355	2487	2044	9973	7481	9551	9331	2488	1782	10645
266	1.0	10437	8072	2176	3367	10790	5763	246
267	1.0	550	3197
268	1.0	12203	3991	3200	2424	1310	2474	8162	8280
269	1.0	11224	482	2144	3273	7274	10554
270	1.0	2038	9504	2727	1243	10918	1643	2807	11958	6948	3240	8246	5122	6608	235	2902	9860	6203	7513	1286	12024	8879	7328	4469	4265	9202	2810	6546	10213	11034	1278	8924	4110	8808	8202	8556
271	1.0	5103	2624	2328
272	1.0	9961
273	1.0	10703	8529	154	6412	9488	10599	2469	8277	11049	2480	129	12006	6764	4619	6926	7855
274	1.0	10312
275	1.0	96	3741	11459	11857	4376	8080	604	11685	2111	7382	10192	1470	4859	11182	10949	3212	407	4718	9037	2950	3840
276	1.0	9623	10032
277	1.0	6020
278	1.0	4120
279	1.0	98	3431	8845	9963	4290	2725	9947	9562	1579	9106	9105	8310	4413	4217	6554	294	3838	10976	10626	8855	9891	9281	3244	4579	6075	5742	8785	11518	3214	7951	4247	9182	6224	11240	5270	5606	11822	11129	1478	6286	9788	285	12135	9293	7339	6697	5928	11909	1002	4565	11926	9038	1279	9854	11773	2645
280	1.0	2127
281	1.0	4762	7014	8179	3249	6073	8834	682	4882	10322	9499	10923	9100	2833	6547	11630	7810	1069	6587	11155
282	1.0	4747	6325
283	1.0	3065
284	1.0	4746	11797	9679	7710	9285	11345	7821	8533	7354
285	1.0	12019	4629	4199	2884	5800	9108	8330	7290	11301	768	4716	9861	3036	11461	327	2816	1618	7903	2970	6617
286	1.0	4168	4211	338	6097	10019	6019	4814	4441	4875	3488	8424	5158	1741
287	1.0	2510	9949	231	7106	10912	4354	6649	4143	7632	9845	11704	2193	9180	11803	9121	1332	1982	1960	6990	5482
288	1.0	7725
289	1.0	7126
290	1.0	316
291	1.0	6487	95	7188	10573	7663	9256	5676	2530	836	6411	9922	7169	6917	11856	8332	9903	11206	5209	9675	8588	6127	11384	10082	9980	11364	1772	9283	1057	1631	7592	5910	3112	8435	2583	2633	9042	5375	2138	2195	4715	4904	10349	11142	4684	2919	12235	9748	9532	2191	10360	10347	6245	1710	8728	3654	7156	5243	6463	8300	4423	10468	10925	7934	3421	9542	8695	10116	9477	8107	9461	400	9463	11378	6564	4835	2433	8289	7818	6475	7576	8338	11643	6064	2168	7436	1252	12384	11684	8565	3763
292	1.0	7571
293	1.0	12411
294	1.0	9883	801	9668	731
295	1.0	11288	3455	10438	7085	7849	11064	4943	7422	7888	3204	7221	7299	3980	9408	8157	11711	1354
296	1.0	692	3595	591	3623	2213	11539	10364	803	4200	4918	9409	10111	3225	1272	6672	7123
297	1.0	6904	9568	5598	11996	12161	1660	6552	9403	7799	10818	3111	10283	3172	8493	1103	2831	1964	9157	2622	5307	8203
298	1.0	6365	10865
299	1.0	1766	9902	3103	1194	4908	8874	3478	6285	9470	9370
300	1.0	8293	1765	2181	5384	1536	10222	4419	5824	2570	4430	7104	11434	4212	11223	5905	6558	5402	3535	5536	1346	370	1811	11105	7047	9494	11936	3331	4241	5728	2611	4318	3119	5105	9820	11514	8192	9693	11607	3097	3891	1990	8185	5871	5609	9511	9171	7769	4404	11787	1599	6093	9919	11849	5568	11893	12251	2003	6966	4262	9524	10090	9337	5139	4010	6998	6698	3801	3800	2662	2145	508	777	8656	4936	1786	5778	3084	11890	10319	11177
301	1.0	11961
302	1.0	10705	4742	2764	11457	8780	11515	9262	11744	3428	9313	6178	9292	7011	8322
303	1.0	4574	7544	5957	7241	9720	50	3886
304	1.0	11335
305	1.0	10917	8962
306	1.0	10768	11831	12163	6579	4826	7793	11045	11043	6031	2733	10581	6095	7853	3327	426	528	11653	9019	1827	10804	8220	9098	7472	11500
307	1.0	6216	1762	6236	7497	972	9678	9535	5538	5473	7823	7582	5916	4129	12394	2673	8559	249	5739	5190	9761	2704	3018	5393	2893	2545	180	3053	9911	6964	10444	4873	9621	9277	8793	1783	9857	12362	2937	112
308	1.0	5593
309	1.0	6467	6482	8631	11334	5153
310	1.0	10695	1255	6368	5260	8636	3063	7289	7664	11858	334	6102	3101	6578	1994	11935	10815	12202	7341	8644	10858	1899	4698	7200	7762	7155	4796	4	11442	9555	5212	4078	9401	8955	10409	10218	9998	7231	2852	5921	11017	1822	6526	6384	2595	4689	673	10675	657	11171
311	1.0	7758
312	1.0	1226	11626	9673	2826	8115	2421	10167	2485	809	7519	8382	7990	1828	4971	6718	8653	9859	11525	11776	8481
313	1.0	7184	8032	4606	4196	9151	5782	4218	6106	8375	4471	4273	12123	9639	8155	11321	5745	5187	1897	648	11080	726	5627	9539	10507	9974	1126	5812	9957	4795	5217	3054	5408	5542	9479	2240	1444	561	10635	9816	1270	2628	12341	3148	9093	3797	1792
314	1.0	7755	2117	8727	7747	7176
315	1.0	7427
316	1.0	8843	8711	4594	7521	7842	12144	6645	5106	11160	2690	11845	1499	8462	9375	6635
317	1.0	9185
318	1.0	4436	6949	8393	635
319	1.0	1169
320	1.0	8524	4881	2300	7909	6447	7920	5277	535	5707	6398	3854	12181	1892	9641	9264	5853	4183	3442	5185	8054	12306	8225	8806	11150
321	1.0	200
322	1.0	9031
323	1.0	3938	8515	3138	8760	1102	3671	5390
324	1.0	10594
325	1.0	9258	10397	10745	2417	10257	5559	6124	12128	11591	1979	10794	611	1030	6881	990	6867	9691	121	9086	2106	7486	7744	7748	3586	1317	2140	3826	7415	6265	8952	566	8230	6274	4993	11012	6474	6383	4952	10659	9852	7892	9684
326	1.0	6798	7896	8036	1281	12280	352	4122	4900	9416	8886	7740	6955	3823	1390	6893	5115
327	1.0	5268	9260	7116
328	1.0	5985
329	1.0	2308	3641	11380	10995	10830	2154	5142	4931	10660	6375	2640	5641	2755	8978	7831	12303
330	1.0	12059
331	1.0	7450	3530	6184	819	4191	12057	7164	11199	8681	2019	451	6315	5431	11389	12126	1344	3226	3034	5125	5280	430	9367	515	5939	8279	3857	744	9592	3895	11536	10548	936	10046	7464	5854	7880	9242	12122	9286	5816	4618	6746	10623	7111	3961	9893	4013	6304	3582	6563	12294	1422	6696	1232	7376	732	4323	5177	7475	12304
332	1.0	8689	9564	11242	6320	3381	12223	10456	6945	1225	4374	9591	10268	2078	1836	12000	3695	3521	7911	4522	9629	8259	6719	1190
333	1.0	390	5614	4740	6180	4681	11246	2558	4417	1307	3597	1328	6453	4865	2018	6967	539	6511	11911	5701	5932	11327	6239	8417	2612	7347	8648	2133	2588	2135	10602	649	12378	9746	1149	5817	6243	11128	11808	8314	4264	7093	1358	12410	4249	7536	5711	6521	8796	9125	5967	10017	7418
334	1.0	4455	598	6940	7525	10792	9881	4333	7401	7245	8813	3750	9167	12186	4409	3584	1474	5027	11398	10964	10151	1394	7558	759	3297	7419	6619
335	1.0	10340	3580
336	1.0	10686	12076	4252	4256	7324	12219	9174	4440	2796	7900	11351	8995	10824
337	1.0	12236	5269	11169	8165	2219	6866	3210	7312	3102	7438	727
338	1.0	3527	826	7837
339	1.0	7020	9657	7803	4079	7079	5498	6366	7783
340	1.0	1143	2152
341	1.0	9326	4339
342	1.0	11756	978	5785	10930	4008	10143	554	5109	889	8251	7618	9865	1514	4732	9531	1777	10346	8188	2897	11864	3944	4070	2471	5904	5738	8093
343	1.0	8540	3002	6085	4431	970	1684	3382	7300	7800	6880	7586	4558	3154	2034	168	220	922	207	3479	4797	5833	5004	182	8950	7901	11960	9355	10234	7812	1902	3843	6047	9050	9056	10293	712	12192	1888	4663	7628	8320
344	1.0	5828
345	1.0	3517	2729	3914	4439	7705	8244	10026	6863	3378	9862	5337	342	1287	9243	12267	14	3941	6262	1436	2767	51	11337	2605	2603
346	1.0	6758	509	5416	5799	7084	1864	1014	1228	11395	6868	4486	11887	8008	9742	9760	4779	10521	2476	1988	4812	5444	4504	3861	10908	6583	8752	11526
347	1.0	488
348	1.0	12016	9536	6103	10970	7362	4944	12279	6016	7466	8837	11163	2737	1123	8872	4534	472	4460	2184	600	5294	11487	9868	4138	2004	1489
349	1.0	6218	5861	5247	7938	10339	4044	3591	5591	3952	5786	5413	7958	3628	1362	556	10165	2231	12317	6030	8814	7465	10387	1242	11742	2509	8518	2520	6260	1475	3397	7113	7932	48	7073	10211	56	7233	12118	2850	11014	2953	5039	775	841	7410	2933	8775
350	1.0	4886
351	1.0	12240
352	1.0	3954	9089	2030	1775	9495	8911	10922	8345	5891	11392
353	1.0	2864	4636	9317	1921	2641
354	1.0	5844	10761	12266	9000	11264	7754	10478	10914	4062	4453	5418	5128	1496	9442	3411	9446	4006	4805	10624	8242	6640	1851	9777	10872	2114	10499	2354	2137	11727	9417	10544	265	2927	6781	1122	8876	7768	8888	1375	1722	2407	2282	3534	6454	10466	10465	11847	309	7968	942	1595	289	5823	10099	7055	3453	4996	8014	10820	1820	7570	6341	7373	7371	12326	5034	5969	4702	9210	9197	3165	8551
355	1.0	8918	8713	5702	2631	10062	12125	8599	8809
356	1.0	4726	12168
357	1.0	12010	7212	12200	12052	2702	2553	4416	1092	792	12088	105	7198	2506	9577	925	11840	307	4587	7936	11406	12131	3237	367	4970	750	1029	11738	5943	10847	2129
358	1.0	9776	1587	2574	8352	5512	661	1256	1100	4242	506	3798	12387
359	1.0	12400	7756	4479	9959	4223	7937	1372	9013
360	1.0	8205
361	1.0	6439	10302	2423	8649	9142	10852	12370	1636	8741	2677	5332	8006	12026	9512	3657	10528	6259	11800	2890	7529	969	1416	10321	10580	7684	7993	7835	2416	3445	10295	7414	4667	6631	11771
362	1.0	10834
363	1.0	10449
364	1.0	5528	4837
365	1.0	11541	5057	3026	6437	237	5382	9546	11226	8532	7718	4005	9303	8172	6920	9985	3229	6319	9758	1854	3851	11306	10877	6153	5364	5168	8236	9062	8570	3713	7512	7443	221	7763	12049	5392	868	10110	2001	11180	847	6322	3393	1731	5896	8103	5428	7741	8755	5508	8634	856	12418	9350	5465	11651	7573	8132	8096	4301	8654	2369	11523	5174	11898	2326
366	1.0	7959
367	1.0	10275
368	1.0	621	3686	5050	10744	3913	3062	1469	7733	4905	6946	4960	7589	10002	5164	7638	7240	1900	10000	7674	1570	7179	4822	6288	4057	5563	12250	8974	1985	7072	8385	3233	3828	4342	11072	8099	12342	8221	10049	10758	6859	658	10055	3765	1616
369	1.0	11915	1650
370	1.0	5267	5031	7128	11363	12409	1553	2232	7368	5689	1266	7264	10247	6379	10337	4690	10304	3469	3324	2082	9353	4700	10074	3368	3088
371	1.0	7218	11563	10535	7779	9482	717	443	11436	8173	3398	551	6960	4357	6539	5725	10261	11708	11559	5334	7468	4887	5585	11218	587	5426	6549	4036	7784	11336	74	4685	4117	10056
372	1.0	8548	4728	8154	7301	8609	4317	8431	4487	8575	8001	3753	12042	5545	3159	6173
373	1.0	3313
374	1.0	5675	7027	1586	6082	9548	11812	1445	9736	3935	3669	10100	8906	696	4477	4978	7693	2058	2845	7549	7543	10993	2216	5709	513	629	4573	7367	8273	7581	6950	1726	4121	10609	2906	6621	7265	8491	2730	1251	11460	7485	7488	5834	3920	1452	1690	5831	3146	5025	12297	9780	7090	7874	2263	1398	1807	1945	10052	4344	10827	9371	633	636	5349	6382	3293	3848	11694	4930	5111	2916	714	5326	6837
375	1.0	10067
376	1.0	9853
377	1.0	5626
378	1.0	2412	213	5584	6101	8946	10946	3853	65	11097	9051	9216
379	1.0	8372	1617
380	1.0	11285	5597	6968
381	1.0	1297
382	1.0	4054
383	1.0	10510	11454	6066	10939	10665	8119	4003	5998	1456	2454	7331	11355
384	1.0	1562
385	1.0	11265
386	1.0	12034	10307	355	11884	10051	8910
387	1.0	8781	3904	2771	12293	2260	4992
388	1.0	11910
389	1.0	5759
390	1.0	679	4418	2579	7107	3957	9791	6686	6070	7829	4980	4089	10491	5766	2316	8163	6258	11444	6263	582	6489	8362	12105	3325	2452	8283	8612	2608	3323	11527
391	1.0	4751
392	1.0	1175	6906	11839	211	8694	295	2374	126	8182	4755	5232	10316
393	1.0	8243	10767	8039	2092	1136	7496	6588	10531	9002	6300	6416	9925	4856	8268	4786	5221	7579	4438	653	8351	12148	5552	7506	8175	10149	7984	2842	5510	10999	2983	3220	7569	4161	4082	6072	7346	7009	9828	12185	7386	7403	2874	1515	2674	1572	10505	6760	688	485	11441	4424	4536	7915	9334	6448	9915	3612	6264	10334	11533	7945	7514	9345	7078	3086	4425	9995	7994	10822	4495	64	1210	9154	3781	6041	9059	5093	11730	4649	2642	2647	3554	4324	7478	1485
394	1.0	5011	3775
395	1.0	6056	2761
396	1.0	12032	9500	2557	9792	9329	4637	7425	3477	7947	9640	9073
397	1.0	11546	4623	6814	3681	5809	9719	9929	8356	10593	8379	3978	9579	1659	7327	12080	7044	5494	5938	4934	6371	12043	7173	1473	7919	11844	301	8340	6692	6704	10868	6878	6025	7413	6287	7645
398	1.0	9523
399	1.0	3948	11614
400	1.0	8075
401	1.0	6432	9486	1627	2055	1071	7673	6026
402	1.0	10708	3537	6185	5261	9942	9941	4767	4415	1211	9907	312	10915	1098	10104	10662	454	7716	8374	1201	7087	7868	8949	6576	6221	2274	517	6647	11726	11606	6593	7636	6039	2903	6493	10746	269	2672	4735	10713	2969	12133	6194	8180	11809	2548	3589	908	5214	10943	9204	3988	46	4813	8160	9467	5503	6561	10980	421	1391	8466	1963	634	4098	10205	6046	2978	1253	4322	7626	1507	2936	733	2160	7477	10557	10641	8483
403	1.0	7451	1695	4669
404	1.0	9964	6183	7291	3043	3205	3349	4259	6142	11594	9986	9614	3321	4570	7580	10797	748	761	3130	11537	11769	6422	3195	7765	5395	2895	12259	3399	9316	10153	429	9600	3276	2167	6852	2156	7899	1292
405	1.0	4734	4195	10681	1580	11207	9654	9613	5287	8475	3117	3562	937	4677	4405	10757	4696	3295	1418	3218	6545	12321	751	8657	10483	181	11853
406	1.0	11647
407	1.0	1763	250	12051	12053	3060	2296	3605	8945	5124	4928	1167	8706	4598	4839	5297
408	1.0	8425	656
409	1.0	5335
410	1.0	1171	11757	6812	3538	1423	12124	11705	8056	3694	4784	8090	7914
411	1.0	7121	5949
412	1.0	12012	7999	5264	11135	230	5012	12408	871	7017	3970	10974	5511	7542	11002	1036	1938	996	5956	5858	10522	785	11988	11980	1737	8595	4030	8443	5718	5714	3109	10048	7473	7898
413	1.0	9032
414	1.0	4622	2189	8193	8544	1306	2292	11435	3269	9110	1028	8966	4806	537	7001	12313	8666	8410	11303	9582	9824	1340	3719	5148	8554	3698	4752	9709	8875	2528	1108	4794	11254	3465	1067	10464	8341	3963	12176	7132	7530	9438	3489	8799	9058	9219	7258	6586	10053	11770	11172	7297	1298
415	1.0	4514
416	1.0	10712	8294	7609	1139	5804	5249	5992	12121	12169	1091	4456	3622	11418	5435	5182	1193	11323	1859	5121	9513	5680	5368	9590	10266	1269	5146	125	1185	11148	3773	10240	6785	10711	6193	9976	8721	1721	4429	10903	5953	6326	2834	11268	1825	1196	8677	9269	1498	7824	4605	10869	10845	5175	7629	11528	2007
417	1.0	8543	11752	6819	6731	3598	11871	6318	11382	12083	2848	7349	6983	11346	1850	9699	6820	12390	8831	2504	4774	7284	586	4019	1448	4526	53	9276	61	3868	5305	130	2325	4640
418	1.0	2489	7391
419	1.0	10833
420	1.0	4039	5341
421	1.0	4748	683	4279	7562	8495	2865	11425	10081	500	9424
422	1.0	12305
423	1.0	2466	2075
424	1.0	4235
425	1.0	5840	4626	6238	7861	7791	10508	11101	5663	12046	1735	8912	5400	1800	6479	1048	7416	1291	6831
426	1.0	209
427	1.0	4848	10538	2742	12284	6314	6538	6668	6601	8003	805	906	7537	6278	738	9053	8659	5176	7620	2321
428	1.0	10884	2531	1133	7561	3270	1582	2551	7163	9730	1682	1095	3262	9113	11414	10039	5556	324	3810	7304	2618	6436	3897	11538	3157	12392	2675	3724	4935	6782	10195	2892	29	11276	10309	10036	9666	8975	1652	4017	1989	12416	4816	9659	10982	11357	6699	9358	1001	6067	7019	1840	6702	2169	10631	2491	11775	7275
429	1.0	2521
430	1.0	9794	6602	6520
431	1.0	5433	11299	1058	3174	1246	3949	3340
432	1.0	2429	4512
433	1.0	2765
434	1.0	1151	1589	5685	3379	9485
435	1.0	9141
436	1.0	5806	4060	8178	7796	8669	4336	1755	3057	10926	12153	9339	12241	3504	11173
437	1.0	9225	7420	263
438	1.0	6681
439	1.0	8718	310	12229	10313	5513	11348	3156	2310	11104	4073	9784	10239
440	1.0	6535	10430	9190	4857	1320	5788	5002	5342	2052	8629	11349	3110	9041	5762	8579	985	10384	6248	3905	6744	787	5029	1419	6937	8970	7131	2473	708	78	9079
441	1.0	2460
442	1.0	3501
443	1.0	6797	1935	11081	4189	11272	627	947	2385
444	1.0	1541	1814
445	1.0	9003	7203	11964	1008
446	1.0	4068
447	1.0	2560	8693
448	1.0	10512	1486	3308	7617	9166	10344	7978	7293	283	3440	9686
449	1.0	3496	3400
450	1.0	8412	1597
451	1.0	11569
452	1.0	2972	1869
453	1.0	1728	1303	12221	10642	10952	1075	10853	5160	729	3202	3184	4811	12308	10272	9310	9211	4917	8568	8820
454	1.0	7976	7991
455	1.0	9044	3092	3690	47	5927	6895
456	1.0	3531	4002	5899
457	1.0	1725
458	1.0	857	3069	493	8416	8414	2949	11512	1044	3396	10893	12255	10407	3181	2600	1866	5946	3505	8567
459	1.0	9509	9389	2885	5015	10338	8904	9131	12098	1403	1998	1380	7545	4351	7804	10878	7	3739	4695	1799	2656	5089	386	6226	7960	9173	2529	11259	5236	2540	8935	6592	7115	4075	6305	563	8388	4032	5000	8448	2143	8400	5901	10016	2360	6871	1068	11096	1566
460	1.0	8545	9520	7235	9008	11261	4840	3547	4753	6925	7220	10906	8428	4668	3883	7029
461	1.0	9049
462	1.0	2929
463	1.0	9525	9755	5072	11793	4880	8012	11472	1117	4046	5599	1321	10129	478	7309	2986	7822	8982	1223	11042	11304	2962	765	8572	10694	8004	1758	2267	9951	9145	3078	3678	1066	6449	3470	641	1413	2002	3638	941	10115	10136	7074	6175	6340	1230	8217	10800	1045	5774	11158
464	1.0	5230
465	1.0	5571	6316	1704	5144	930
466	1.0	8861	8571	680	3076	2026	588	2644
467	1.0	4601	9744	1709	236	7494	11795	7025	6739	4787	4704	3360	4869	10957	2071	4391	3992	9321	12212	7692	10973	7048	8081	8121	10514	6055	5401	725	7441	7449	2508	12048	4448	3239	8151	5791	5235	6131	9205	1447	10429	5522	9348	2995	9275	10328	9584	12348	1524	2343	7288
468	1.0	739
469	1.0	5681
470	1.0	5984	1549	2790	7940	10378	932	5383	5242	5999	1116	2305	311	4590	5201	3042	2179	1425	10958	9798	6498	371	5517	6513	11640	1013	11008	8983	1229	3491	4087	7809	1706	8516	12182	11722	1263	4100	3894	7384	2908	5145	5143	8211	9267	1162	103	11575	1146	169	8704	11821	1124	8513	3658	5065	921	12272	8064	7152	5642	4538	3947	7397	11981	2120	11390	1610	540	11962	4990	5925	2088	1004	929	981	6986	5198	6678	88	11159	12389	2322
471	1.0	4592
472	1.0	8840	7846	1077	1539	11554	8891	4932
473	1.0	6555
474	1.0	3743	9967	252	5248	12405	974	11203	6451	10591	7867	2277	9101	1837	5102	4108	6788	4888	6965	9068	4911	9342	2996	4505	4568	6387	7356	5753	6748	10550
475	1.0	11266
476	1.0	7699	11027	2843	9421	721	225	670
477	1.0	275	12109	10562	7966	11818	3599	1333	10932	7715	3621	2461	10125	571	7520	7340	3032	2217	4350	9363	4989	518	3872	5724	12187	3732	11087	471	4731	4222	8158	10428	3787	4674	1003	11010	8613	5710	9374	4152	6061	3844	10274	776	4705	7607	5777
478	1.0	914	3951	8357	3615
479	1.0	8547
480	1.0	9191	3953	449	11581
481	1.0	178	1768	11462	8890	8463
482	1.0	4028
483	1.0	4213	5055	5286	1855	1939	1209	5366	11290	5409	11619	11636	10035	6875	7641
484	1.0	5265	5071	4764	9671	3064	2823	10414	9635	1957	3303	10223	2634	9695	7407	3776	7263	10362	229	144	16	1107	11440	6118	6136	9318	3372	340	6369	361	6342	3506
485	1.0	10395	9388	7023	7908	7734	2788	2841	5470	4557	12336	10264	2357	9063	4711	4730	11824	11214	5926	5099	734
486	1.0	4766	3387	12095	10363	9977	3287	9938	11213	5423	11379
487	1.0	2180	4596	1646	298	8942	1576	1852	9593	8190	2356	1898	9846	4679	1367	1381	5040	3010	12071	12292	4072	9649	7785	1715	2329
488	1.0	12096	6395	1554	5046	6445	10968	6991
489	1.0	4724	1155	8680	2721	6756	6755	7495	11990	2762	6279	5415	9658	11386	11597	8453	1035	2394	4949	3131	10469	7110	11181	10025	8769	706	2261	4563	2100	7600	737	3301
490	1.0	10568
491	1.0	8857
492	1.0	7885	7206	10326	9128	2798	9075
493	1.0	2519	2097	10622
494	1.0	273	816	4520	2808	4355	435	7005	8782	5975	6059	7321	9460	3563	3771	6808	1357	9575	11866	3050	2773	1336	4267	4862	11353	68	6060	6898	2368	988	10735	7624
495	1.0	1137	10536	5241	5412	1875	883	7882	9703	2546	7918	6444	4174	6021	1063
496	1.0	2066
497	1.0	7054
498	1.0	9490	8626
499	1.0	91	9944	8620	10308	1049	3128
500	1.0	7141	6413	6276	1304	2576	5206	5789	8118	1439	11977	3794	5336	8539	4615	6461	3449	2479	11965	11033	8404	4363	4307	3145
501	1.0	4291	4562	6062
502	1.0	12014	2987	9866	7095	11036	2005	1744
503	1.0	9710	7168	6335	11003	438	1227	4481	2716	4919
504	1.0	336	5311	7157	9837	3708
505	1.0	5478	7826	10096	6522
506	1.0	940
507	1.0	5721
508	1.0	395	5613	3689	10564	347	6750	1583	5650	1216	1449	4783	496	2294	8358	590	3388	10256	4007	574	8580	7089	1198	11596	6687	533	5289	3316	2408	628	12314	12312	11933	11932	11068	3334	4962	602	992	2616	2614	3113	11517	764	75	1797	3216	7408	127	10749	7670	10244	5872	1121	7421	10242	9491	5640	2759	3940	6087	10323	843	4467	1736	4660	2246	3437	11583	8201	11944	8386	10981	8638	10821	10828	4976	1929	927	5736	2383	8421	4137	2365	10848	5081	6857	8807
509	1.0	2883	862	11470	9905	8353	9016	2789	291	7061	6600	1043	1285	388	9415	1192	9708	5001	11402	9661	6958	10152	2876	368	11582	5962	1867	9851	718	5306	11719
510	1.0	3646
511	1.0	9619	3878	7385
512	1.0	10707	2037	5204	2465	10285	11555	900
513	1.0	10598
514	1.0	11253
515	1.0	1154	4876	11672	5733	3161	5631
516	1.0	11419	1020	5995
517	1.0	4125	3132	10011
518	1.0	1388
519	1.0	10561	6410	460	9672	4965	8176	2442	7003	519	5727	5315	569	6010	247	800	9970	12263	8307	10402	6918	8348	322	2048	360	9991	11750	10825	10802	6892	10866	10072	2347	7625	7622	9873	6700	10558
520	1.0	2072
521	1.0	6978
522	1.0	1006
523	1.0	11416	4510	7531
524	1.0	9739
525	1.0	11284	304
526	1.0	9670	7691	2053	10162	6350	6970	3250	11050
527	1.0	10888	2722	7143	1922	678	8880	3649	8076	5596	317	1331	1325	11438	8900	11220	12282	8112	4472	9297	6120	4630	2070	3993	11347	8980	7798	5722	6888	9516	2610	1873	4102	3717	2920	3772	6200	6768	8871	6974	7480	1598	6076	4229	188	7724	2564	5026	4208	1881	709	9349	2879	8637	10212	7559	9379	1928	4543	4542	4641	5941	711	8323	1296	1393	5157	6839
528	1.0	11388
529	1.0	507
530	1.0	4597	10394	7211	3089	10920	12079	7731	6333	2820	9530	9034	11410	8530	8960	5557	11603	2074	7088	3990	10978	2273	8623	3813	10838	7825	2238	11322	5746	6665	4553	5761	5360	4697	6803	2888	10710	7193	383	10502	3203	5813	11723	12257	5830	6144	484	12414	1699	6282	2029	7728	11843	11986	11183	8125	3636	10160	9464	10989	2998	425	2434	3251	1392	1961	8619	8215	4567	4360	11079	4093	11317	2592	10014	7433	1863	4118	5770	7251	7828	2664	2934	1397	11899	6832	7642	7646
531	1.0	3435	9969	12245	9440	752	6148	11026	5474	8604	8605	6232	9823	3896	1983	380	8709	12277	9574	12158	8757	3230	2226	3309	5903	9352	4465	5940	4709
532	1.0	11312
533	1.0	1685	8987	3841	9872
534	1.0	8140	9834
535	1.0	6674
536	1.0	5848	10353	8022	2718	828	1732	8976	5234	9017	4564	138
537	1.0	7713
538	1.0	8502	3006	973	10022	9799	411	10607	11162	382	12074	9620	9295	1973	4983	149
539	1.0	9586	320	8825
540	1.0	8927	10669
541	1.0	3917	9731	852	1810	1833	6391	2172	5101	3019	10612	10693	9186	5600	11210	4585	10119	8387	2209	2439	10010	5193	7353	4662	132	8207	8756	7891
542	1.0	11484
543	1.0	6870
544	1.0	1368	204	7515
545	1.0	422
546	1.0	6682	6492	4408	1738	5464	12402
547	1.0	7458	259	4296	693	5677	8505	11999	10530	8884	3916	9545	7161	3707	1461	12222	4845	12147	4530	11913	1016	4352	3799	4988	3307	625	9651	11309	9004	4311	887	4330	5165	7639	3152	8749	8744	1161	8538	11296	6426	5256	3467	6464	1694	4224	4227	6289	962	302	3424	626	36	1903	3964	4874	3183	12107	6150	4527	6694	2856	4346	10823	504	8401	11925	2952	4091	2125	8426	4703	11733	2101	1789	9095
548	1.0	7189	6414	10381	4756	11275	12299	3408	4560	6388	3082
549	1.0	10704	6133
550	1.0	5244	10453	5348	6323	4272	5551	7086	458	3818	6310	10226	605	3859	10021	356	5767	2031	2698	822	11121	1614	6307	8958	366	7332	3126	10862	10294	3144	4666	87	1509	9272	12388	8822	8771
551	1.0	4389
552	1.0	3603	3977	11883	205	755	4364	2163
553	1.0	601	896
554	1.0	8469
555	1.0	4621	1641	10977	11620	7987	9895	5931	6629	10191	9723	7720	961	5540	3189	7317	5691
556	1.0	11200	3814	8411	9020	8641	8232	6823	1730	6523	9810	12197	4493
557	1.0	5845	1543	11111	254	5240	9734	10916	6908	9448	4395	1195	11368	12108	1603	5493	7565	2399	4145	10024	8250	663	2131	2315	8768	167	2732	8510	6406	5067	1101	11789	11621	1315	1338	12159	11374	3452	2141	6470	7378	1842	2341	6858	5324	2327	1560
558	1.0	9144	5826	199	5579	10237	1487	10122	6428	10961	2859	5581	10788
559	1.0	3508
560	1.0	573	11061	4148	10547	5087	5303	4328
561	1.0	6182	9923	2426	10163	5706	3114	12355	6606	1623	4733	2311	10715	7190	7921	9576	10069	5520	10216	1944	7787	758	6040	12178	11507
562	1.0	4067	4969	7977	6729	853	11877	8224
563	1.0	10880	4842	2182	9179	5245	2554	11852	7757	8336	6710	956	10664	8452	8278	4147	2352	4651	5879	8700	10343	10320	7175	4225	6280	11373	3351	2204	9994	9251	5712	7814	8097	10651	4547	6281	5758	1612	11731	3551	6914
564	1.0	8603	8126
565	1.0	2556	911	4789	3959	7864	6378	12216	7067	10168	7026	9808	5622	2880	241	164	10526	6913	7946	10434	3820	7789	6477	4159	1026	4090	6670	2361	2666	8770
566	1.0	7160	11267	11876	593	2804	350	11701	10389	4798	1692	9918	640	5469	4156	10787
567	1.0	8849	11564	4802	1550	12171	4243	8444	5296	9270	5155
568	1.0	394	5036	7322	8349
569	1.0	8963
570	1.0	11250
571	1.0	3433
572	1.0	1131	594	9449	2652	3564	9767	147	7924	1318	2453	9993	10271	735	111
573	1.0	7750	372	5705	6390	2715	3614	9107
574	1.0	8585	6534
575	1.0	11545	1724	9968	151	2720	8194	475	1585	1402	8583	8582	6559	7082	4024	3345	3207	9987	5284	11342	1241	4164	2233	10902	8084	1353	6483	11047	1707	2110	12077	12073	5974	5950	2338	2339	3778	9222	2967	7447	7208	3030	5669	11466	11463	20	1458	1734	3071	8722	1109	9910	5134	9665	5541	3402	43	345	9610	5443	3824	5299	8630	8146	424	3456	5922	7314	9138	5586	27	4157	10033	6654	2384	8427	5091	11053	1712	3557	11895
576	1.0	5378	4103	4778	1671	6309	3575
577	1.0	12018	5200	10909	1975	9290	9091
578	1.0	2766	7996
579	1.0	8095
580	1.0	2569
581	1.0	8719	150	8136	1577	3009	7770	4414	7907	11221	2809	2800	2784	2787	414	412	439	9103	11324	6394	7948	4941	10267	1261	9160	5990	7197	10443	9390	5580	187	11982	1972	2331	6695	7552	892	7605	11504	10630	4981
582	1.0	11874
583	1.0	3876
584	1.0	11130	3459	9901	10953	10955	4987	1958	2239	11490	1207	11044	6201	1757	10771	3736	8305	6915	4266	8101	4524	2459	11350	11692	863	676	3943	1115	11897
585	1.0	2214	10719	12114	1047
586	1.0	6856
587	1.0	3170
588	1.0	7083
589	1.0	3221	7820	8087	11086	8877	10467	1947	6987
590	1.0	385	546	720	807	866	1120	1432	1453	1927	2432	2458	2543	2584	3191	3198	3604	3631	3888	4077	4153	4449	4485	4600	4627	4723	4852	5170	5259	5358	5450	5514	5534	5554	5666	5907	5944	6090	6096	6181	6189	6343	6357	6490	6644	6669	6689	6713	6818	7154	7186	7196	7315	7577	7615	7726	7808	8327	8359	8409	8740	9169	9192	9863	10037	10050	10280	10286	10498	10874	10988	11107	11153	11604	11721	11772	11841	11959	11989	12143	12325	12354	12381
591	1.0	186	240	702	730	1070	1096	1500	1743	2115	2517	3149	3271	3444	3789	3880	4402	5129	5945	6349	6440	6442	6643	7435	8331	8823	8838	8885	9847	10140	10716	10844	10966	11193	11195	11234	11908	11983	12154	12346
592	1.0	799	1756	5252	5912	6434	6568	7140	8531	9359	9462	10747	11804	12252
593	1.0	128	536	1410	1505	2497	2688	2817	3356	3481	3560	3616	3785	4310	4334	4410	4454	4739	4964	4984	5225	6195	6222	7635	7697	8009	8691	8732	8920	9006	9054	9193	9327	9979	10539	10610	10617	10740	11144	11243	11598	11706
594	1.0	79	665	724	877	917	1282	1494	1533	1594	1920	2199	2351	2464	2580	2705	3142	3267	3355	3632	3643	3672	4207	4717	4897	5045	5083	5229	5553	5590	5775	5852	5881	6210	6324	6338	6507	7254	7511	7553	7616	7931	8311	8380	8789	8836	8889	8969	8984	9165	9200	9481	10181	10199	10262	10418	10432	10889	11508	11558	11631	11767	11945	12060	12391	12415
595	1.0	114	753	984	1429	1793	1977	2136	2484	3162	3370	4216	4356	4893	4929	5222	5272	5835	6202	6653	8703	8725	8951	9501	9718	9743	9992	10807	10983	11610	11689	11861	12191
596	1.0	10	118	560	620	823	833	943	1005	1220	1258	1771	1780	2032	2165	2623	2821	2867	2904	2917	2994	3052	3066	3215	3224	3561	3981	4114	4115	4134	4203	4613	4675	4710	4998	5398	5576	5857	5893	6460	6462	6575	6664	6742	6793	6809	6885	6921	7325	7337	7644	8494	8558	8590	9139	9155	9343	10006	10114	10546	10570	10673	10784	10843	10971	11154	11245	11270	11709	11713	11792	11820	11851	11868	11873	12343
597	1.0	5688	7598	8418	10233
598	1.0	1504	1841	2105	4004	4722	5365	5504	8819	9456	10576	10701
599	1.0	40	139	156	218	287	329	599	850	986	1239	1430	1516	1551	1871	1876	1886	1943	2793	2860	3247	3425	3569	3830	4116	4302	4326	4398	4646	4790	4808	4817	4898	4937	5194	5207	5385	5422	5479	5519	5658	5678	5865	5870	6054	6113	6146	6163	6196	7022	7133	7329	7330	7338	7509	7997	8016	8019	8082	8120	8248	8534	8561	8632	8937	9066	9076	9134	9156	9206	9231	9299	9395	9431	9631	9896	9899	10094	10175	10232	10284	10390	10501	10725	10750	10837	11219	11231	11278	11415	11465	11485	11686	11720	11784	12127	12167
600	1.0	24	238	384	468	876	916	957	1172	1482	1847	1912	2009	2178	2235	2334	2376	3361	3617	3627	4050	4257	5352	5456	5578	5634	5772	6018	6252	6675	6864	7377	7840	8124	8171	8343	8602	8805	8908	9010	9203	9230	9418	9552	9882	10135	10146	10183	10380	10476	11037	11201	11391	11494	11754	11810	11922	12201	12253	12265	12268	12351
601	1.0	398	646	1019	1118	1152	1468	1993	2241	2578	3634	3754	3942	4027	4554	4644	4871	4997	5021	5069	5167	5215	5403	5819	6344	6504	6952	6980	7388	7446	7832	8166	8546	9217	9298	9838	9848	10058	10170	10208	10249	10366	10401	10424	10451	10584	11013	11028	11300	11834	12298	12335
602	1.0	6438	7351	10416
603	1.0	163	415	447	523	562	780	1051	1235	1639	1669	1865	2084	2188	2561	2914	2957	3083	3155	3429	3558	3635	3907	3965	3997	4011	4053	4081	4160	4421	4498	4545	4664	4765	5077	5237	5312	5692	5837	5952	5973	5977	6151	6519	6712	6763	6934	7269	7280	7292	7389	7445	7517	7702	7722	7971	8109	8337	8509	8589	8635	8767	8839	9069	9480	9956	10164	10676	11381	11464	11479	11493	11495	11616	11688	11718	11728	11796	11863	12145	12275	12373
604	1.0	406	1189	2534	2728	2871	3805	4501	5239	5548	5582	6024	6330	6595	7195	7224	8027	8498	9061	9565	10132	10987	11297	11429	11785	12180
605	1.0	119	577	2333	2536	2562	2846	5192	5506	5880	6176	7906	8835	8991	9869	10811	11282	11629	11639	11829	12379
606	1.0	35	117	183	195	333	446	534	553	691	707	1234	1521	2335	2381	2405	2683	2824	2825	3093	3134	3223	3462	3514	3660	3675	3804	3808	3849	3863	4021	4063	4141	4170	4298	4659	4680	4713	4750	4768	4792	5097	5292	5516	5661	5764	5867	5982	6044	6171	6292	6544	6584	6618	6910	7122	7146	7213	7236	7474	7483	7653	7723	7965	8218	8434	8587	8615	8717	8803	9067	9117	9208	9273	9288	9638	9733	9740	9757	9778	10301	10600	10718	11281	11286	11412	11437	11451	11703	11748	12119	12350
607	1.0	332	419	489	527	564	612	796	825	873	1349	1417	1443	1484	1656	1687	1813	1908	2028	2391	2815	3001	3541	3606	3816	3869	3889	4009	4018	4304	4647	4673	4683	4836	5079	5140	5211	5266	5300	5353	5379	5432	5446	5752	6017	6389	6404	6417	6452	6457	6693	6779	7059	7142	7153	7307	7379	7523	7555	7583	7658	7701	7729	7746	7760	7943	8164	8276	8281	8432	8617	8674	9279	9314	9437	9447	9601	9685	9822	9892	10040	10219	10225	10376	10383	10393	10445	10482	10586	10816	10924	11032	11194	11679	11912	11979	12054	12215	12228	12286
608	1.0	41	1952
609	1.0	81	189	190	219	423	559	860	1339	1613	1625	1689	1750	1752	1821	1906	2116	2147	2409	2661	2786	3081	3163	3234	3272	3712	3923	4000	4185	4314	4386	4483	4634	4883	5452	5821	5913	5958	6418	6709	6716	6887	6982	7150	7603	7621	7719	7963	8478	8601	8745	8971	9055	9323	9419	10007	10656	10782	11477	11553	11635	11687	11993	12207
610	1.0	104	177	313	705	859	879	1046	1248	1299	1459	1471	1508	1812	2148	2264	2724	2939	4214	4300	4387	4464	5100	5154	5588	5589	5604	5664	6401	6514	6787	7057	7138	7535	8909	9843	10150	10317	10590	10951	11120	11239	11691	11764	11888
611	1.0	1007	1870	3350	8936
612	1.0	1396	3803	4231	4426	9874	10954	11314
613	1.0	39	42	542	686	779	1815	2093	2443	2687	2707	3475	3510	3536	4166	4219	4853	4925	5118	5319	6234	6297	6334	6935	6975	7311	7634	8537	9132	9266	10648	11138	11975	12040	12140	12301	12327	12361	12419
614	1.0	171	194	330	404	835	1245	1348	1512	1693	1845	2221	2299	2353	2373	2692	2862	2889	2915	2989	3125	3136	3362	3366	3740	3758	3777	3834	4128	4188	4281	4407	4497	4511	4818	4833	5033	5250	5331	5523	5549	5594	5700	5748	6081	6242	6828	7066	7412	7675	7735	7950	8059	8077	8106	8147	8223	8925	8934	9081	9099	9232	9381	9607	9856	9933	10131	10177	10289	10314	10348	10408	10606	10738	10810	10896	10941	11174	11283	11316	11413	11450	11503	11560	11584	12104
615	1.0	1934	6098	10479
616	1.0	5137	6826	7393	7462	7619
617	1.0	1874	2659	3499	7679	8306	11501
618	1.0	8	262	331	498	520	899	1022	1119	1166	1184	1313	1330	1363	1404	1511	1547	1584	1608	1664	1670	1760	2010	2091	2227	2286	2392	2717	3107	3166	3282	3294	3407	3685	3722	3769	3790	4056	4158	4312	4325	4515	4782	4894	5150	5665	5784	5929	5993	6550	6553	6663	6743	6765	6775	6778	6930	6942	6943	6972	7119	7318	7357	7417	7461	7499	7685	7811	7982	8105	8209	8252	8591	8818	8821	8867	8868	8870	9064	9195	9307	9884	9953	10092	10243	10405	10477	10611	10697	10907	11006	11247	11252	11729	11875	12009	12103	12274	12407
619	1.0	1968	3263	5801	6835	6872	6973	7007	7969	8528	8829
620	1.0	1240	2602	3175	3434	4655	4799	7492	7528	7778	9425	11198	11974
621	1.0	2298	2499	2741	3012	3073	3374	4080	4105	4236	4341	4480	4658	5073	5210	5323	5441	6205	6230	6351	6455	6497	6503	6936	7230	7505	7749	7838	8011	8206	8536	9024	9484	9652	9795	9826	10197	10252	11127	11161	11222	11358	11403	11431	11758	11879	11923
622	1.0	212	440	502	565	778	938	1150	1359	1414	1882	2224	2251	2785	2799	2858	3261	3484	3493	3668	3710	3735	3742	3807	3881	3931	4020	4150	4371	4556	4589	4686	4803	4838	5048	5060	5130	5219	5291	5457	5543	5612	5633	5657	5930	6051	6217	6266	6290	6705	6724	6794	6957	7094	7225	7743	7889	7964	7979	8471	8497	8792	8802	9183	9240	9247	9284	9322	9588	9595	9711	9715	9727	9732	9803	9858	9908	9930	10064	10093	10139	10145	10184	10235	10772	10776	10864	10935	10992	11024	11029	11098	11179	11343	11762	12037	12164	12278	12318	12375
623	1.0	457	545	687	890	997	1040	1042	1384	1868	2207	2295	2660	3279	3410	3460	4047	4653	5032	5169	5196	5218	5325	5414	5898	7182	7237	7460	7678	7742	8290	8333	8535	8628	8798	8847	9238	9475	9529	10023	10054	10097	10109	10194	10330	10803	10813	11236	11473	11664	11934	12332
624	1.0	576	606	910	1083	1596	1629	1784	1949	2033	2430	2547	2726	3095	3123	3256	3611	3620	3860	3884	5132	5208	5371	5544	5674	5814	5911	6657	6810	6834	7046	7134	8037	8070	8139	8152	8258	8647	8708	8786	8921	9178	9396	9434	9632	9707	9793	10086	10107	10372	10450	10489	10621	10692	10846	10857	10900	11315	11467	11601	12094	12269	12344
625	1.0	201	392	405	695	766	861	1065	1097	1165	1334	1351	1386	1626	2016	2027	2047	2068	2257	2606	2964	2999	3070	3192	3329	3427	3590	3609	3644	4283	4513	4571	4672	4828	4846	4920	5043	5047	5064	5120	5203	5316	5463	5655	5659	5792	5807	5971	6110	6233	6456	6501	6536	6735	6783	6862	6932	7051	7064	7151	7344	7370	7551	7657	7683	8058	8127	8742	8748	8832	9943	10130	10358	10403	10459	10533	10736	10739	10875	11067	11230	11298	11599	11650	11681	11717	11954	11968	11984	12129	12258
626	1.0	58	146	166	308	349	549	763	851	895	999	1000	1326	1342	1653	1883	1885	1915	1930	2094	2515	2613	2813	3392	3552	3691	4209	4712	4770	4820	5199	5369	5723	5749	5780	5888	6168	6590	6630	6637	6691	6830	7178	7430	7927	8117	8210	8625	8676	9229	9466	9655	10073	10569	10835	11019	11054	11212	11307	11339
627	1.0	152	255	418	459	694	728	1050	1156	1212	1300	1665	1853	1997	2067	2113	2170	2330	2366	2438	2457	3091	3104	3143	3185	3187	3359	3516	3532	3733	3784	3950	4163	4226	4771	5028	5238	5254	5302	5434	5447	5486	5963	6109	6360	6886	7139	7167	7219	7491	7682	8161	8370	8776	9025	9234	9380	9572	9717	10108	10209	10227	10879	10991	11088	11790	12132	12315
628	1.0	85	403	885	993	2159	2451	2655	2961	4268	4345	4378	4380	4861	5009	5171	6057	6353	6485	6594	6597	6703	6963	7002	7024	7452	8078	8102	8664	9102	9239	9346	9347	9553	9741	9934	10171	10300	10452	10572	10743	10839	11046	11903	12028	12309
629	1.0	521	1708	3209	3544	4518	6108	6659	6813	7578	8716
630	1.0	514	814	926	1110	1202	1218	1244	1389	1563	1729	2745	2769	3196	3290	3752	3842	4037	4113	4173	4412	4559	4624	4643	4720	4889	5278	5507	5623	6129	6616	6679	6847	6962	7065	7075	7171	7563	7601	7981	8092	8135	8766	8783	8928	9028	9036	9223	9354	9362	9573	9622	10147	10679	10762	10911	10947	11022	11232	11570	11648	11682
631	1.0	172	228	434	592	1409	1605	1818	1849	2079	2211	2363	2568	2657	2797	3666	3705	4107	4202	4292	4593	4694	5387	5406	5960	6107	6560	6585	6673	6984	7033	7217	7259	7538	7712	7986	8048	8350	8376	8419	8678	8830	8899	9387	9749	10819	11069	11571	11753	12084	12226
632	1.0	1916	2186	4316
633	1.0	120	223	281	305	387	474	548	677	867	1224	1250	1606	1634	1651	1672	1861	2006	2085	2151	2252	2345	2419	2837	3147	3258	3338	3441	3701	3979	3984	4095	4367	4422	4581	4599	4719	4950	5038	5041	5386	5449	5499	5611	5653	5878	5882	6002	6358	6762	6804	6992	7105	7308	7567	7611	7613	7802	7844	7953	8042	8123	8199	8261	8496	9090	9119	9148	9198	9311	9429	9926	10003	10189	10486	10537	10897	11083	11326	11468	11509	11524	11823	11891	11967	12142	12157	12316
634	1.0	1015	1204	2450	3029	3274	3296	3373	4083	4384	5629	6476	6909	7836	9386	10179	10327	11356	11816	12357
635	1.0	5	22	72	192	215	251	572	650	771	806	846	880	882	1076	1290	1600	1655	1984	2000	2057	2247	2297	2344	2511	2518	2630	2638	2869	2947	3004	3059	3141	3336	3409	3420	3509	3549	3877	4086	4133	4186	4220	4248	4282	4457	4588	4609	4823	5007	5293	5947	5987	6078	6293	6879	7136	7145	7162	7174	7326	7482	7516	7661	7806	7854	7923	8069	8265	8499	8758	8816	8957	8961	8973	9026	9473	9493	9694	9722	9789	10045	10138	10420	10574	10618	10661	10683	10764	11113	11405	11549	11567	11573	11609	11673	11832	11937	12067	12224	12347
636	1.0	630	1257	2069	6656	9971
637	1.0	442	501	3253	5178	6994	8477	8508
638	1.0	4957	5394	9611
639	1.0	2150	5607	6296	6577	9735
640	1.0	375	401	619	878	1093	1262	1520	1571	1796	1910	1940	1969	2051	2280	2364	2549	2550	2736	2829	2882	3193	3352	3353	3473	3494	3497	3553	3596	4038	4088	4461	4540	4583	4744	4769	4985	5525	5529	5616	5690	6158	6626	6723	6769	7158	7199	7366	7470	7877	7973	8018	8031	8083	8313	8430	8660	8699	8815	8846	9289	9392	9636	9814	9815	9836	9878	9958	10027	10113	10196	10559	10577	10826	11125	11237	11578	11698	11786	11819	11894	11963	12017	12039	12047	12198	12406
641	1.0	3	90	123	290	343	452	639	1025	1179	1621	2081	2318	2472	2593	2743	2776	2907	3067	3566	3570	3693	3815	3969	4085	4127	4401	4535	4793	5063	5084	5133	5354	5421	5651	5755	6035	6215	6295	6321	6529	6533	6628	6688	6861	6902	7214	7587	7588	7732	8088	8360	8754	9765	9773	9783	9785	9841	10061	10333	10435	10447	10471	10603	10666	10668	11100	11115	11185	11187	11372	11531	11613	11661	11663	11918	12288	12382
642	1.0	413	510	570	723	855	944	1052	1090	1191	1247	1767	1806	2259	2483	2604	2615	2988	3013	3021	3268	3439	3464	3476	3587	3757	3925	3968	4109	5361	5439	5608	5933	5988	6029	6126	6206	6373	6541	6761	6784	7071	7222	7294	7847	7869	7883	8020	8047	8169	8881	9221	9282	9414	9787	9797	10517	10783	10793	11052	11225	11344	11439	11736	12151
643	1.0	5632	9701	11156
644	1.0	4508	7781	8398	10717
645	1.0	838	1717	3014	3419	8071	11001
646	1.0	1862	2119	7038	7429	12050
647	1.0	1182	2496	3879	4175	4809	6156	9647	12372
648	1.0	491	2350	3939	7651	10446
649	1.0	4879	6901
650	1.0	2256	3601	6468	8204	8407
651	1.0	1745	2435	5019	10727
652	1.0	133	2422	2905	4973	5991	6581	6800	7037	8355	8737	9487	9507	10137	10723	11919	12385
653	1.0	4066	7144	11676	11734
654	1.0	55	348	396	436	450	675	794	950	1105	1132	1379	1622	1702	1779	1844	1907	2107	2208	2285	2309	2332	2348	2388	2609	2838	2900	2965	3003	3182	3302	3512	3525	3624	4059	4096	4496	5135	5636	5719	5737	5747	5795	5838	6001	6114	6542	6751	6776	7097	7148	7310	7426	7557	7608	7694	7816	7848	7856	7942	7989	8128	8655	8682	8736	9007	9224	9400	9420	9714	9932	10277	10373	10541	10634	10653	10814	10910	11021	11084	11117	11145	11192	11612	11667	11811	11924	12085	12106	12136
655	1.0	3885	4773	11497
656	1.0	1785	6028	10253
657	1.0	3201	7215	7681	9065
658	1.0	26	52	1215	1878	2303	2505	3074	3998	6050	6683	7400	7776	8779	10296	10658	10871
659	1.0	13	37	135	214	271	522	905	1127	1142	1529	1688	1832	1917	2507	2590	2653	2693	2706	2779	2868	2886	2940	3158	3176	3543	3958	3967	4451	4506	4586	4860	5059	5098	5104	5173	5295	5442	5781	5965	6071	6147	6256	6291	6993	7045	7320	7359	7423	7841	7858	8062	8174	8367	8472	8662	8810	8897	8903	9338	9526	9674	9676	10524	10529	10620	11041	11070	11073	11074	11658	11677	11690	11696	12022	12193	12260	12396
660	1.0	161	257	715	1591	1615	1697	1823	1955	1959	1980	1996	2095	2362	2468	2585	2795	2894	2991	3232	3485	3960	3995	3996	4319	4447	4499	4688	5793	6032	6080	6517	6607	6623	6853	7172	7242	7490	7493	7872	8368	8504	8994	9082	9215	9441	9560	9721	10441	11542	11654	12069	12261	12374
661	1.0	325	2158	2941	2945	3761	5273	6469	7487	8507	9405	9888	10134	10342	12162
662	1.0	196	5484	6403	9336
663	1.0	5179	11928
664	1.0	3610	4566	4671	5505
665	1.0	44	115	153	170	270	609	667	760	1548	1649	1761	2076	2619	2747	2781	3188	3300	3404	3539	3744	3846	4135	4616	4650	4895	5018	5183	5481	5489	5495	5577	5846	5860	5948	6004	6043	6099	6134	6249	6268	6393	7117	7584	7766	7929	8227	8254	8663	9021	9046	9133	9161	9187	9196	9527	9950	10009	10273	10359	10374	10616	10887	11030	11188	11657	11670	11850
666	1.0	33	1084	1696	1857	2275	2680	2878	4149	4260	4517	4519	4575	4858	4926	5783	6170	6424	6874	6899	6941	7015	7249	7575	7708	8643	9045	9772	9801	10582	10613	10654	10699	11592	11859	11948	11952	11995	12246	12403
667	1.0	160	242	284	681	888	1079	1385	1742	2639	2754	2855	2901	2958	3320	4025	4119	4478	5518	6037	6277	6359	6430	6625	6791	7035	7334	7974	8222	8578	8598	8610	8986	9162	9304	9615	10020	10332	10670	11007	11260	12020
668	1.0	38	416	444	547	793	1350	1620	1638	2021	2049	2065	2370	2589	2697	2891	3168	3281	3335	3383	3770	3926	4065	4293	4854	5131	5213	5329	5430	5488	5743	5900	5909	6399	6591	6811	6924	6951	7166	7546	7805	7884	8029	8111	8148	8234	8239	8308	8392	9080	9168	9252	9492	9630	10182	10419	10571	10687	11248	11329	11675	11930	12002	12152	12189	12194	12323	12352
669	1.0	1012	5620
670	1.0	1480	10543	10898
671	1.0	6816	8451
672	1.0	6331	6441	6757	10230	10265
673	1.0	7954	8464
674	1.0	4632	5976	7504	11544
675	1.0	6160	7246	9184
676	1.0	740	2164	2818	2910	3017	3118	4232	4966	5546	5850	6817	9122	10095	10370	11165	11331	11881	12156
677	1.0	3096	9506
678	1.0	1457	5815	6425	6806	7108	10008	11469
679	1.0	136	456	3971	5694	5751	10490	10596
680	1.0	2772	2971	10118
681	1.0	0	3791	4420	9209	9340	9399	9762	10829	11622
682	1.0	1918	3709	7687
683	1.0	9	70	4045
684	1.0	4130	4578	6122	8437	8503	9517	10567	12015
685	1.0	2382	8408	8506	11743
686	1.0	524	955	1408	3645	4347	4435	4625	5362	6472	7262	7383	8263	8309	8449	9502	9583	10948	11755
687	1.0	272	8729
688	1.0	134	975	1141	1323	2323	2447	3542	3716	4052	6187	7052	8490	8763	10674
689	1.0	1032	1733	1904	1905	2598	2637	2912	2981	3116	3330	3768	4400	4595	4933	5357	5532	5972	6733	6774	6850	7434	7595	8395	8525	9052	9737	9756	10193	10292	10555	10737	10984	11005	11011	11134	11292	11367	11399	11680	11783	11978	12380
690	1.0	34	222	659	662	783	1080	1208	1294	1663	1746	1778	1824	1976	2446	2681	3027	3040	3099	3264	3306	3318	3384	3613	3718	3839	3882	4033	4176	4184	4258	4523	4617	4628	4642	4745	4921	5053	5080	5231	5281	5370	5417	5420	5698	5790	5979	6006	6257	6284	6385	6753	6838	6953	6989	7081	7181	7207	7313	7365	7411	7649	7913	8065	8170	8291	8391	8914	8954	9039	9249	9308	9430	9476	9643	9750	10215	10221	10255	10259	10565	11093	11106	11109	11319	11409	11519	11535	11665	11921	11941	12055	12141
691	1.0	165	3703	9471
692	1.0	2050	4975	9129	11865
693	1.0	8514	11532	12232
694	1.0	869	2173	6250	7444
695	1.0	8457	10106	10518
696	1.0	226	261	277	282	461	464	824	858	979	1373	1455	1513	1661	1714	1951	2040	2437	2444	2456	2501	2587	2719	2956	2990	3180	3364	3395	3450	3458	3571	3680	3746	3902	3972	4178	4331	4489	4539	4825	4891	4972	5113	5228	5262	5425	5648	5827	5839	6169	6179	6301	6332	6435	6598	6651	6801	7004	7008	7101	7210	7283	7296	7345	7467	7500	7597	7980	8015	8055	8238	8517	8731	8828	9498	9566	9624	9698	9724	9830	9966	10075	10084	10088	10101	10688	10742	10779	10801	10805	10895	11114	11133	11244	11393	11481	11666	11735	11929	12208	12367
697	1.0	1259	1592	2792	5052	6053	10305
698	1.0	745	2993	7585
699	1.0	668	8577
700	1.0	3706	4097	7455
701	1.0	6515	7556	8285	8519
702	1.0	7191	8484
703	1.0	1483	1573	3756	8429	8512	9663	10400
704	1.0	227	10404	11377
705	1.0	3526	4701	7775	10354
706	1.0	1981	4963	7298	11256
707	1.0	18	60	315	455	842	971	1023	1038	1219	1265	1534	1568	2250	2283	2320	2753	2777	2849	2926	3023	3186	3391	3574	3579	3683	3782	4123	4271	4365	4444	4516	4657	4754	4906	4910	4999	5350	5424	5468	5539	5628	5708	5873	5874	5959	6105	6192	6415	6486	6551	6573	6728	6747	6766	6995	6996	7232	7767	7862	7893	7970	8052	8446	8460	8527	8622	8765	8772	8878	9402	9451	9540	9648	9800	9928	9965	10043	10190	10355	10440	10588	10619	10633	10698	10720	10734	10901	10965	11040	11294	11448	11551	11576	11644	11791	11794	12029	12230	12320
708	1.0	2395	9634
709	1.0	1412	2594	3246	3924	4155	5381	5615	6162	10083	10128	10224	10890	11985	12302
710	1.0	2218	2703
711	1.0	3919	5667	11293
712	1.0	15	140	391	503	1125	1140	1377	1884	1933	1995	2090	2112	2200	2262	2337	2513	2542	2738	2835	3265	3310	3333	3500	3725	3856	4126	4180	4332	4561	4584	4692	4967	4986	4994	5058	5123	5643	5843	5890	5895	5917	5966	6130	6140	6155	6211	6255	6409	6666	6725	6727	6789	6865	6896	7180	7860	8247	8335	8346	8611	8893	8916	9332	9510	9683	9769	9844	9937	9946	10176	10290	10331	10677	10691	10700	10721	10892	11090	11119	11143	11496	11602	12155	12174	12291	12356
713	1.0	608	1273	1302	1399	1493	1674	2245	2581	3401	3492	3618	4238	4738	4758	5321	5876	6231	6999	7049	7077	7109	7875	8968	9015	9233	9305	9809	10278	10605	11063	11548
714	1.0	8021	11556
715	1.0	4034	6580	7076	10808
716	1.0	1435	9534
717	1.0	203	217	441	802	901	952	1011	1727	1802	2192	2289	2658	2744	2851	2913	2921	2923	3031	3106	3259	3266	3343	3572	3674	3704	3728	3837	3976	4366	4549	4611	5016	5188	5803	5994	6246	6873	7159	7738	7904	7910	8034	8189	8315	8574	8624	8670	8726	8738	8883	8896	9057	9116	9235	9341	9397	9567	9766	9770	9850	9879	9978	10144	10200	10241	10336	10423	10487	10638	11157	11205	11421	11779	11854	11972	12331
718	1.0	369	467	555	774	1472	1528	1578	2212	2265	2378	2413	2475	2582	2625	2650	3000	3550	3734	4139	5202	6261	7550	7917	8458	8907	9140	9759	10004	11025	11078	11277	11994	12213
719	1.0	4001	6736	10214
720	1.0	1312	3731	4648	5954	6671	9775	10470	10956	11600
721	1.0	5662	7554
722	1.0	76	344	432	689	736	918	1183	1249	1421	1535	1557	1848	1937	1946	1999	2102	2128	2190	2679	2682	2872	3016	3049	3522	3759	4340	4377	4393	4529	4699	5061	5149	5304	5363	5454	5765	6023	6033	6271	6676	6738	6815	6844	6882	6931	6977	7018	7656	7660	7773	7912	8142	8303	8747	8811	8894	8905	8917	8959	8981	9060	9146	9152	9220	9344	9356	9373	9515	9569	9571	9628	9644	9690	9704	9839	10080	10220	10425	10506	10519	10553	10566	10696	10937	10990	11139	11168	11383	11634	11737	11814	11946	12262	12333
723	1.0	131	427	767	1289	1497	1798	2397	2494	3072	3135	3151	3238	3322	3385	3436	3546	4379	4399	5090	5376	5501	5530	5757	5797	6159	6354	6615	6786	6923	7252	7268	7323	7456	7631	7648	7662	7870	7961	8041	8098	8826	9147	9413	9819	10121	10270	10298	10840	10855	10882	11035	11076	11308	11318	11447	11471	11702	12417
