1	1.0	3467	1305	2769	4927	1994	5053	4302	1186	4824	699	3625	4401	3062	643	1408	2344	71	366	822	3278	4616
2	1.0	5003	622	3541	3472	4089	707	3485	3505	2497	4894	322	2688	3851	3892
3	1.0	995	2446	1081	2523	970	3953	4212	461	962	3005	62	4305	5105	2355
4	1.0	1285	2999	215	4170	853	3225	3620	2923	630	4763	2518	1934	519
5	1.0	2207	5231	466	4896	3984	137	4799	5138	3269	1927	804
6	1.0	2928	3579	895	5175	4939	3367	3194	2744	3266	931	3927
7	1.0	5028	4921	1163	999	4428	270	4480	683	1252	4781
8	1.0	997	1084	3662	610	219	2660	112	3310	2841	4842
9	1.0	4000	4646	2992	4426	4745	2680	2537	2116
10	1.0	1630	198	3013	3436	2662	2972	1003	427
11	1.0	4702	3378	4880	888	306	267	1011
12	1.0	1042	3450	59	3576	3023	1356	3539
13	1.0	4260	2520	5144	2679	4449	4976	2810
14	1.0	5117	3238	945	4030	1117	1676	4796
15	1.0	796	3929	4005	2997	4620	4639	1879
16	1.0	1523	3065	4641	1655	5176	1176	1965	2269	2512	1294	1083	2449	1540	1512	1763	2326
17	1.0	4199	1935	2593	5132	4053	482	1724	410	2320	4002	3754	3251	1605	1972	205	2254	1579	162	3804	4156	1953	1056	859	2271	4676	5135	3338	604	4219	3700	1794	3461	1472	983	1858	2173
18	1.0	1062	1773	3996	3580	1653	1089	1538	438	1802	855	3364	506	5021	5062	3962	5237	1028	5071	550	4163	2528	152	638	1705	2479	4235	5120	927	746	4413	2596	4985	493	2788	2407	132	3855	966	3283	4749	2085	5121	3408	4393	4319	3680	1593	1892	4679	233	3692	2509	1798
19	1.0	3952	657	1203	1975	2330	3640	2840	4517	1154	2883	3778	4358	345	4265	2943	2718	3138	2471	865	4731	3332	38	4159	2673	3096	411	3356	4233	776	2212	3585	397	3259	4311	2968	3234	3427	4417	4861	5194	1557	16	3702	4699	250	4014	543	659
20	1.0	3769	357	485	4131	847	3358	2580	2283	13	1020	935	2749	2313	217	3920	1295	2694	2483	1414	2503	3433	867	4058	4993	4514	3786	4982	3629	1053	2246	1511
21	1.0	48	3961	4237	2980	146	4135	3126	1075	4025	2952	834	1633	22	789	956	1140	3314	2911	2692	39	3859	4414	753	279	3527	4535	2164	4447
22	1.0	5187	4306	1583	3291	317	2060	1246	3793	2844	4336	621	3406
23	1.0	2487	2217	4510	1206	179	3613	1388	4281	3699	1873	2566	1122	1872	2310	3075	2951	2195	5166	3312	1713	872	3849	2079	3990	363	2783	3151
24	1.0	777	4397	1764	2623	4351	472	1447	4277	4960	1410	1372	4133	1898	2850	750	3647	3717	1882	3432	774	3241	1248	3112	2466	3180
25	1.0	1863	3884	1456	598	114	1607	1307	1955	2899	3548	4730	4317	524	1375	3292	2420	4096	3115	3887	3748	1833	2993	782	1445
26	1.0	1150	3324	5074	3529	4049	2602	3784	3980	2837	1591	5097	2822	2150	3552	3832	4125	1652	4928	1193	5008
27	1.0	2303	3705	3149	6	2515	2439	415	2265	3969	2891	3768	1428	1685	3305	2415	303	3668	175	3604	2829	882	1745	3746	147	898	3143	4369	1647	3154	929	1114	2856	4585	2963	4113	2797	2839	1915	4592	3442	1967	2756	1059	2971
28	1.0	2921	2034	223	3863	2257	3943	2655	1905	2886	3102	1265	1373	620	2395	1268	1241	4554	5162	1989	2379	863	329	1524	2915	208	3741	4581	4349	4740	1961	3981	2208
29	1.0	532	2876	1392	2745	2917	3521	4872	3334	1260	5079	1926	2040	4104	3959	815	1120	3091	1022	4221	4214	5190	2233	949	959	4395
30	1.0	808	4582	4381	4164	2225	2621	4464	933	985	648	4301	5115	5148	4967	170	3118	938	4628	4839	4580	4361	1424	3192	337	457	3510	726	1725	1521	641	4169	4167	1946	2071	3281	1211	481	3416	3815	1035	5047	1291	4852	1520	1258
31	1.0	4949	158	1839	5081	1675	5157	4001	2975	2325	2601	1111	1159	1001	2037	3878	2970
32	1.0	5147	407	1482	12	2676	2624	3681	199	4609	2229	4004	2910	1711	1901	34	2781
33	1.0	5026	558	1580	3289	2423	647	52	3777	1005	3371	5011	4945	538	4284	4744	1402	3755	2599	5207	3470	1656	2609	4629	1371	2441	1256	3764	371	2183	274	3869	3982	4383	767	4716
34	1.0	1289	4719	128	5233	1196	4586	732	2030	2747	1643	3742	4184	4408	328	129	754
35	1.0	4959	3097	1232	1854	4203	280	3035	3519	2550	4494	3474	3709	832	392	3322	1940	1178	1795	1909	1208	1800	4505	384	844	868	3335	4178	2585	4897	1177	4704
36	1.0	1455	1931	3054	231	286	4589	4663	3643	1914	1834	1301	428	2742	3654	3905	4855	919	3415	4924	2359	3385	2720	2575	2035	5023	3161	2896	1198	4906
37	1.0	3528	2700	41	1822	4563	625	3188	1207	1586	3677	3622	1383	4437	3302	5055	142	1098	3864	4689	3542	3550	2578	4747	1847	4843	4527	2478	4797	4081	1380
38	1.0	3164	3464	5210	4643	4741	2958	4201	4584	1043	3444	856	1912	4179	4175	238	1688	202	4795	1451	2995	2614	151	721	1957
39	1.0	4314	4912	4275	4228	1757	2007	671	1226	4973	3734	5067	5223	973	1900	3591	2375	5209	1210	2514	4354	2335
40	1.0	2300	3026	875	1	3848	45	323	4737	3401	802	1078	1238	2636	2759	4886	4245	3903	1501	4684	705	889	2836	1853	3007	3597	4247	2762	4261	1427	1183	1322	3041	4544	1667	2062	3698
41	1.0	1962	3174	1405	4432	4069	1179	1598	3120	2104	3084	1659	1918	5037	1297	4801	2884	1612	4192	4664	2637	870	987	4601	5234	3352	976	913	759	1645	4788	2711	3938	788	1174	2587	1293	2065	4016
42	1.0	4241	4972	2383	2101	2632	245	5164	2218	3193	1121	4687	2740	380
43	1.0	4668	4537	1395	3231	5098	1920	28	3237	2358	2686	4743	2976	2209	330	2256	4177	4944	4467	3937	1565	4970	4471
44	1.0	3770	2276	1393	2766	891	4805	184	4775	2119	2364	377	1033	957	2345	2490	2727	4637	2402	3972	4911
45	1.0	3663	3756	1030	531	2262	2546	2549	1491	4330	254	631	736	2362	3818	2499	1821	257	3187	3760	2010	2168	3583	2140	4244	4282	3311	2809	1696	960	3852	2299	440	2092
46	1.0	2813	2126	4166	2336	2806	1276	3486	1324	3162	4255	2371	4187	3069	787	3987	89	4344	3673	4364	1759	4120	4907	1432
47	1.0	1275	3092	874	2584	1133	1403	2451	3606
48	1.0	4742	4917	1418	4558	5004	1503	4130	542	2291	2525	3202	318	3626	1823	4407	194
49	1.0	477	2286	2819	165	227	3116	1168	494	3551	3667	845	434	3184	704	2577	797	2486	3294	4817	5024	3909	5247	2838	5046	4102	3751	553	4139	4856	1886	3723
50	1.0	1532	2901	3463	4224	1239	4144	5213	2630	1064	228	275	2795	5093	614	1057	92	2411	4840	5100	3956	1589	5169	1991	2230	4360	5125	2942	3908	1601	4288	3732	122	4380	5167	94	3111	3930	2346	2583	1124	4	3080	2543	1359	866	2067	2489	4161	2145	3481	762	4943	4555	914	3076	5002	4711	3268	4652	4876	3391	1949	2946	4182	4297	173	2572	4190	308	1608	2435	69	1070	4834	3293	2416	287	4519	4891	2185	4442	4997	2049	3355	2792	783	3893	4483	4545	489	2495
51	1.0	2224	5013	1004	4529	2292	2855	1425	4044	3372	65	1101	925	3649	5096	4174
52	1.0	5131	1592	1860	1401	2811	5171	4770	1092	284	1770	4072	3152	4964	2737
53	1.0	4370	3323	2831	497	4402	4251	4990	3946	4980	425	2043	2954	3974	1969	3362	567	5206	2351	2275	3686	3087	1031	272
54	1.0	2264	18	1941	4884	3271	2932	4729
55	1.0	3960	1423	1845	4901	3891	87	2107	1369	4078	687	4390	3904	24	327	2881	890
56	1.0	1458	2418	1404	2898	4751	1815	1047	1314	4230	556	1421	3861	2529	60	951	4728	3252	5066	3767	1357	3034	1544	2824	2530	719	2866	4810	3581	2147	429	211	1155	3564	3073	4667	2356
57	1.0	948	5092	918	4472	730	1884	5109	1466	667	2474	5133	218	1641	586	731	2488	1570
58	1.0	4486	2793	1036	512	368	1867	1270	3172	851	123	4350	2480	4218	1242	5186	3976	1832	2579	1916	4411	1145
59	1.0	1545	3109	1351	3634	299	2477	1128
60	1.0	3496	2096	1613	3520	2925	2574	4543	4624	4146	2719	3095	1937	304	4954	3670	3495	1342	5152	454	3568	994	4085	4347	1113	2695	4734	1051	247	4572	818	2664	2363	127	4419	3443	612	819
61	1.0	4194	3998	9	1118	1735	2400	1508	3219	5048	5005	339	2066
62	1.0	1848	2169	5188	1025	910	83	3249	1016	4604	1704	2005	3488	2853	4776	4238	2	893	4496	2552	4511	2704	4367	2873	3739	4956	1104	4992	4610	4253	4632	2538	1699	1000	451	1217	1988
63	1.0	1749	3243	1284	713	3224	2799	1537	961	3036	3240	455	2461	81	2706	171	1374	2135	1816
64	1.0	764	3057	3456	4685	433	35	2643	4441	1422	4412	4712	4509	2897	2603	167	2055	5043	3939	4926	1883	295	333	4762	4111	4935	1527
65	1.0	2003	1922	4079	1340	2985	4155	4148	4863	1149	1131
66	1.0	1009	4882	3142	905	3821	3191	183	3417	2735	1321	1628	1812	521
67	1.0	2165	2864	252	3351	314	2166	4404
68	1.0	4814	84	3678	2050	1061	3941	4961	418	3701	649	1684	4650	4193	2591	2222	4803	3572	1192	159
69	1.0	1015	728	153	2531	846	3715	3397	3131	1786	4532	4700	3490	1018	2936	3915	3483	209	4287	2314	3507	3158	798	1261	5248	42	3123	3800	291	1480	2296	2576	3561	1050	575	3828	2950	1306	2239	3820	5182	2137	3077	2568	2434	1249	1695	1323	539	3635	1804	1945
70	1.0	850	17	2565	2476	3720	1906	1329	5201	2592	1638	1762	2605	1339	3006	3133	2611	5139	3354
71	1.0	2373	3567	984	4119	4533	2455	470
72	1.0	3206	177	3593	1587	1779	1481	1986	1313	154	3498	3653	4595
73	1.0	2938	4151	3136	4067	644	1627	1673	1904	1661	276	4491	2021	5173	463	2178	2659	801
74	1.0	3867	3966	11	226	820	5030	1517	3924	261	4717	3858	4539	2571	546	4812	1385	302	3246	5019	1171	5227
75	1.0	2282	1411	3210	3560	3201	2152	1497	979	3836	3061	3160	4080
76	1.0	2794	1495	5069	5059	4672	5230	1453	2521	2142	5228	4994	573	3809	2887
77	1.0	4649	4279	3341	3785	4149	2405	1963	1929	1535	2754	2617	3167	3731	4621	3475	4475	3719	3750	222	133	2214	3877	4879
78	1.0	1116	2581	2926	1184	4726	290	2721	3805	3682	2112	978	3797	3093	3233	3506	3380	3658
79	1.0	2748	4752	3166	3419	4791	2569	3779	1855	383	1224
80	1.0	3250	758	3690	2953	3983	950	3993	4225	582	1266	1287	697
81	1.0	4114	1889	1790	4227	4215	3790	4479	1951	3788	2784	2110	4293	2782	4210	688
82	1.0	3480	1319	1968	2206	2172	3144	4099	1550	2974	1973	1533	3258	1971	2500	3320	1012	1273	2127	500
83	1.0	1037	2113	4881	3304	4290	3538	3223	1976	5177	4794
84	1.0	3578	779	1852	2535	1649	3044
85	1.0	3509	160	1200	520	181	4206	86	293	3375	3812	501	3968	1831	4035	456
86	1.0	4714	1336	1435	2789	5232	1129	3830	4285
87	1.0	4914	365	4186	3951	4429	2772	3826	781	3792	359	5185	1141
88	1.0	2436	307	3780	3795	3478	2202	3017	4557	2285	1363
89	1.0	1942	4017	5086	608	1055	2548	3997	2607	1556
90	1.0	771	3988	14	5145	10	4318	4521	2557	826	1023	1768
91	1.0	7	1419	715	2197	4134	3644	2144	1983	4012	4761	4300	2962	1791	4357	954
92	1.0	1801	3827	1792	4969	4678	2281	2843
93	1.0	3589	3798	2752	1457	4804	3902	2736
94	1.0	2648	1039	2846	2117	3630	2588	324	3106
95	1.0	1514	4378	3870	2927	1615	1588	2733	1026	5220
96	1.0	2668	305	3441	4107	4603	1606	3465	1777	1471	4137	5141	3536	356	714	3130	3547	2666	618	1032	2746	4696	4355	3725	389
97	1.0	3476	1719	1980	4522	862	1341	4422
98	1.0	4105	5080	4129	4888	1434	2162	4692	4827	331	1048	431	799	3247	2973
99	1.0	566	2322	3684	2390	4841	2186	4854	4958	2961	5159	1165	3117	1947	3737	206	2376	3195	1767	282	396	2820	4942	4845	3418	3070	2562	642
100	1.0	903	2394	4701	386	2204	1654	665	99
101	1.0	5204	4008	4308	2467	1682	1677	2175	3728	221	4910	4296	2702	1105	351	2459	4062	4498	1554	626	5235	3181	1516	1590	3914	1010
102	1.0	182	5051	2047	1510	3885	2309	892	488	2542	1646	3964	285	4947	4695	545	3010	2452	4249	2191	2462	2965	3840	2339	1367	1489	2020	1687	73	2158	4374	3267	3586	1648	2771	3140	310	5198
103	1.0	4963	4606	2036	887	2261	186	1325	1876	214	4892	1755	3103	1964	3949	68	1478	4617	5012	4405	4037	4830
104	1.0	2157	2787	1789	3540	3587	1578	3931	1809	1076	248	1672	4540
105	1.0	684	1029	2919	496	969	340	908	1632
106	1.0	4844	711	2775	1483	4200	4485	2484	1292	3297	4757
107	1.0	4258	2677	975	518	4860	4029	417	4424	4767
108	1.0	2563	3412	3991	2743	3759	1337	770	419	534	4760
109	1.0	1778	4786	3729	1499	584
110	1.0	653	3664	4877	230	1707	101	1838	385	4596	1085	4593	3052	666	4127	4893	1086	3958	1826	4619	4885	1751	2627	2871	4974	1950	854	1108	5075	2984	370	2556	775	1913	3179	4325	4098	4542	2227	2069	1758	4493	3437	1204	4965	2878	311	3197	3317	1464	4126	1698	2738	1566	4299	4457	1515	4052	1354	4460	923	5205	1825
111	1.0	3595	1125	676	2297	4040	1315	1562	4784	3199	3381	3260	2259
112	1.0	2333	5032	3196	5104	4528	467	4455	3185	3810	4459	4690	2302	1379	1137	1420	354
113	1.0	1469	1300	3843	2879	2279	5101	4439
114	1.0	126	4635	3300	5250	2139	2796	3276	3531	2842	691	2933	1674	1274	4722
115	1.0	4034	852	1448	2559
116	1.0	2765	5068	632	23	4229	1807	858	2087	1310	3392	1896	3383	4552	4800	1552	4162	1793	1618	2929	490	393	2045	3469	2051	1406	1734	3214	686	334	571	3307
117	1.0	4591	1928	2506	2663	4932	678	5151	253	2551	946	1505	3038	3287	3718	668	2425	430	3865	2905
118	1.0	4816	1346	3624	5160	1237
119	1.0	2763	3730	3637	2722	2616	718	2171	5058
120	1.0	174	2863	2012	1827	599	1518	3834	2590	4665	239	2249	4846	3286	2404	4110	3693	4320	1805	1153	1216	4497	1243	2626	4465	4787
121	1.0	4090	2046	2741	5222	695	1756	1103	3573	4185	793	4077
122	1.0	3458	1021	2868	2213	503	717	3965	3209	2438	117	5126	886	2272	619	2315	2770	565
123	1.0	4640	1772	1396	4108
124	1.0	3066	627	4440	1438
125	1.0	3204	1594	3211	4490	4736	4576	4278	3950	2216	4060	2301	739	1619	2967	2760	1442	4607	1670
126	1.0	1415	2258	1088	4680	1132	242
127	1.0	4478	244	2631	2956	4272	283	4209	2791	2485
128	1.0	3182	3135	4569	3329	744	50	1377	3079	1584	745	3183	515	587	5199	225	3954	1235	4713	1044	2852	2516	1135	4987	1539	2070	1185	884	2118	2017	4575	1611	4682	988	338	5181	3316	3357	2426	2966	1041	3825	3831	2327	1560	986	3327	4862	5070	4929	2635	3309	1803	382	1072	2541	3089	446	4183	4382	4850	4036	3910	1573	2247	2240	564	3559	5014	5142	4984	1130	1874	3141	1278	241	1808	4524	2016	4847	3588	4061	4599	3462	1286	2022	4154	3413	3290
129	1.0	458	1024	4732	2128	562	880	3569	3530	1199	5243	15	2442	2634	3262	2959	1549	2532	80	1820	3817	3796	2295	2996	188	3396	2555	2619	3221	843	2803	2907	3339	4870	1350	2201	3411	3331	2900	3544	952	3227	2311
130	1.0	3584	4341	2403	3679	224	1073	4307	4677	4705	108
131	1.0	47	743	941	896	1692	3514	4461	2252	476
132	1.0	2385	1486	1382	2892	2284	4222	3500	1082	4337	4813	3277	409	3270	3806	4995	2491	4693	3695	3546	2234	4171	1787	2983	2991	2431	1127	2057	4396	2687	3833	823	4662
133	1.0	5085	4769	2501	3189	3900	187	3150	1467	974	3534	2945	1333	3889	2027	3599	439	1352	5168	794	3218	616	3545	1932	309	2903	1911	2710	2558	1115	1054	4267
134	1.0	3129	2465	4919	2109	4666	1327	3046	596	4710	320	1110	2658	3468	3497	4124	3512	2088	37	5029	4013	899	1107	4977	4996	4903	2924	2645	281	3844	2244	786	4333	4946	3711	1671	4739	1689
135	1.0	2215	5088	4365	319	3365
136	1.0	1169	4443	3484	172
137	1.0	2598	61	169	3979	692	3516	4074	3407	4327	1253	21	2728	3726	4324	1091	4822	4352	3906
138	1.0	465	3033	2502	1753	1259	5196	3948	3280
139	1.0	1710	3493	4691	2667	1269	836	1417	4020	441	3060	2357	2006	191	91	3001	2661	106	2278	1328	4487	1748	367	857	4197	3608	3047	4975	570	5225	2633	70	2008	4334	1254	1426	2053	213	4142	1846	4869	589	4688	2293	516	3524	2033	2835	4264	4470	3747	3081	1317	3105	381	5041	1761	3336	2245	720	654	839	1476	2000	4140	3308	109	3907	1151	4735	1828	4112	3669	4938	332	255	344	1470	3025	3048	1982
140	1.0	1180	1880	378	4865	3574	2078	1830	3148	2013	2714	3042	1109	3230	436	1924	4269	150	3565	1708	79	2828	4588	4566	2332	2979	4106	2650	4232	4571	3932
141	1.0	5129	4634	4444	675
142	1.0	5110	772	4216	2869
143	1.0	3016	1736	4254	2270	1353	2472	4387	4560
144	1.0	3875	894	298	724	3871	2102	4538	1281	4546	2181	1090	3675	2199	2241	2026	2068	2039	4468	5165	881	2511	444	2361	4088	4765	4683	2998	3602	3399	1063	4605	3706	2564
145	1.0	2226	343	4615	2801	4789	3104
146	1.0	4388	107	3155	76	3691	5102	2589	1664	1027
147	1.0	1398	5039	1049	143	2807	2170	4953	1303	3926	1245	1626	3688	3857	1181	5252	2287	825	3802	5114	200	443	3272	3944	2365	3543	3666	1144	5244	3553	2412	2644	3374	4772	2011	646	3973	131	4565	2343	2888	1100	57	1819	1706	5072	2094	1769	2862	1810	3738	3330	105	672	4346	2922	450	1782	3822	2398	401	4915	1190	1257	700	829	1460	4611	4205	1722	1454	3600
148	1.0	1720	595	448	4534	265
149	1.0	1344	2847	3492	2342	4923	3426	3	3088	4097	1693	1634	2349	4792	1865	1343	3198	1690	374	996	3787	3379	4600	3555	5057	2048	4338	640	4359
150	1.0	3881	4271	3074	2198	1195	2638	3674	2149	395	3523
151	1.0	3703	1640	2726	4191	3256	2698	900	2237	3275	2248	1271	698	4709	3279	5107	1979	5000
152	1.0	1400	4430	535	3264	3733	727	273	2468	145	2210	3762	2132	3388	4420	473	1316	1443	548	673	1970
153	1.0	3774	4276	4931	3992	5218	1799	2305	2957	390	352	4075	3207	1094	2253	398	1760	4394	4323	1008	2318	568	2211	4226	2823	1431	1007	1663	1267	3789	2419	2671	1548	5158	2753	3618	1954	63	3203	3899	412	379	2196	300	922	2260	4376	2642	2494
154	1.0	2849	5216	5123	2931	4777	2381	1780	2906	3882	1197	4707
155	1.0	4448	3453	474	904	2153	5064	1717	3646	635	965	1231
156	1.0	4597	2880	1312	3366	1126	3229	4399	1060	3807	1835	4123	902	1694	877	1134	3273	3967	1893	58	3100	4895	911	2232	3347	4353	3222	4195	3511	1201	2352	813	1729	5238	3896	4802	4236	1013	5215	4631	5118	51	3004	755	3232	3186	1629	4173	921	5065	4940	3744	3676	3002	3376	2493	2908	2409	915	2751	2561	2665	192	507	1697	1376	2203	1869	190	2834	2595	3452	166	3735	3936	2097	4073	3590	2221	1851	4427	1378	2527	4501	1623	2124	3652	663	3694	3916	3083	1052
157	1.0	1046	1974	2331	1162	5106	702	4143	1234	3986
158	1.0	348	4883	4758	406	1650	2684	2182
159	1.0	3648	2366	2095	3298	3248	453	3824	2475	2867	1680	4659	5242	1368	1878	2848	1536	2730	4332	1785	3245	869	203	4368	1221	4988	5038	4807	2776	4363	785	876	3031	1394	2651	2777	926	1263	140	3482	4833	4708	4648	5113	1582	2228	4415	1330	2324	5082
160	1.0	1996	4223	5156	3740
161	1.0	1614	432	1334	696	4488	2682	3753	2505	5212	522	1995	4715	3503	5076	735	161	2904	2977	3919	3146	95	111
162	1.0	4031	585	4583	100	4436	3819	3242	1490	2729
163	1.0	1360	864	2396	2990	873	977	1877	3631	44	296	3766	4866	3598	3713	4220	592	3021
164	1.0	288	689	4971	1106	98	4389	5127	43	1065	3816	4721	4703	4312	2081	2220	25
165	1.0	4902	5073	4981	4550	1738	1840	1642	2463	2877	1783	3504	2410	121	2708	4466	4292
166	1.0	2448	4023	3845	2582	1895	733	4489	3409	980	1944	1576	2913	1952
167	1.0	4445	2377	4887	2340	4240	1513	4304	2427	3716	2709	4481	445
168	1.0	2683	4257	2031	3285
169	1.0	4753	4568	3479	3457	934	703	1936	2464	529	3420	4578
170	1.0	940	5054	3175	5170	1214	2912
171	1.0	3835	551	4899
172	1.0	2504	1475	3494	2155	2547	4371	1526	3043	958	1280
173	1.0	757	3743	1071	3846	1308
174	1.0	5154	502	20	1765	1250	3689
175	1.0	3263	803	2594	607	1077	3582
176	1.0	2620	1166	2289	3321	78	1477	1227	4851	4774	452	2703	523	600	4500	0	3373	2994	1017	1209	5027	2032	2697	4518	4878	3220	1138	4316	4438	2019	1887	3609	1662	4826	555	602
177	1.0	1919	1175	4754	2298	375	1741	3121	1191	2689
178	1.0	2052	1487	4499	795
179	1.0	2986	2009	3315	569	5018	4838	5172	4991	917
180	1.0	1568	2080	4476	414	4547	3862	2121
181	1.0	1167	617	4523	4962	1283	3078
182	1.0	2193	1156	4913	3638	947
183	1.0	1413	784	4207	1585	807	4011	2656	3398	1814	1910	4818
184	1.0	1686	4474	561	277	4809	4642	2192
185	1.0	860	3761	3132	2122	5016	2918	5192	4259	611	1943	2678	1272	3918	484	656	577	2570	2125	3890	3449	2701	4101	1871	5052	2082	3803	4941	1581	1067	1542	4849	3344	2450	2944	2387	1498
186	1.0	4286	3448	4820	3672	164	613	790	812	5202	2874	1240	49	4015	4055	1665	2091	4248	1857	4864	4289	1058	4548	4356	2391	2131	350
187	1.0	46	2108	4033	4530	2989	2805
188	1.0	662	4095	2347
189	1.0	8	3977	2739	4948	36	3127	3749	2854	4875	3394	972	2354	2456	4724	4937	1002	2865	4091	116	4152	326	552	3020	1930	3794	353	3856	2916	1143	3473	2072	2826	3922	66	563	4136	3423	2685	2308	4502	3917	4594	1939	1859	712	2179	3955	4661	3169	2723	3847	768	405	805	29	1279	674	3328	130	1715	637	1730	2151
190	1.0	1119	4573	3101	3839	1925	3656	1504	4087	708	747	3425	4819	729	594	3533	1933
191	1.0	243	4811	2889	325	1370	1255	1829	4968	4027	1444	4213	1188
192	1.0	4086	3176	3168	3410	2622	3414	2064	4771
193	1.0	1890	2470	4531	1541	920	1574	1386	297	1881	388	3783	4654	1488	4065	1142	5179	5022	5229	1861	3508	5189	2715	5140	751	2015	3360	3707	2573	580	3651	3216	403	1559	2413	2242	102	1644	3989	5136	4059	3313	1311	3765
194	1.0	4541	3772	3575	2649	3244	5094	2141	3053	4463	4434	4653	2716	3522	4574	4492	4158	3085	3489	3055	2369	67	1567	1213	3008	912	234	5009	3935	4587	3860	483	5061	3171	2378	885	1897	3235	278	3434	4614	1220	3369	2812	3610	579	5197	4266	1714	3402	4331	4512	408	3177	2428	4908	236	2981	670	3349	1938	4168	3850	5253	400	2194	2417	2397	1365	2652	4147	3928	4868	5241
