1	1.0	181	315	669	712	748	772	794	962	978	1225	1230	1276	1397	1563	1868	2026	2283	2360	2377	2510	2515	2534	2587	2601	2655	2732	2817	3001	3204	3271	3560	4049	4306	4457	4458	4489	4596	4870	4882	4885	5267	5285	5415	5634	6360	6538	6589	6729	6888	7159	7261	7299	7521	7717	7720	7913	8012	8070	8097	8180	8285	8568	8681	8817	8953	9331	9458	9500	9564	9599	9630	9634	9849	9975	10032	10181	10313	10700	10851	10927	10931	11025	11181	11603	11685	11756	11893	11983	12119	12201	12290	12485	12578
2	1.0	11	505	970	1128	1378	1542	1917	2239	2499	2864	2985	3319	3346	3408	3614	3616	3724	4238	4775	5303	5353	5696	6179	6192	6887	7221	7411	7846	8926	9139	9232	9249	9568	9946	10059	10821	11218	12055	12531
3	1.0	83	115	292	308	847	1073	1083	1122	1314	1319	1522	1754	1879	2020	2132	2301	2348	2397	2935	3153	3234	3322	3435	3529	3948	4157	4250	4309	4657	4704	4939	5218	5426	5481	6501	6594	6811	6865	7158	7215	7348	7759	8056	8126	8222	8266	8463	8615	8694	8718	8815	8915	9013	9147	9246	9705	9706	10220	10415	10593	10837	10869	11275	11346	11406	11507	12268	12367
4	1.0	237	400	501	508	637	960	969	1060	1829	1875	2086	2248	2416	2453	2459	2505	2821	3161	3249	3627	4033	4465	4543	5410	5458	5552	6011	6345	6648	6838	7509	7536	7676	7821	8088	8136	8144	8527	8724	8785	8811	9187	9365	9533	9642	9962	9968	11064	11628	11670	12310	12424
5	1.0	842	1041	1123	1325	1530	1641	1805	2294	2611	2813	2904	3265	3388	3837	4357	4502	4604	4641	5147	5251	5717	5742	5856	5877	6156	6218	6469	6847	7031	7124	7135	7882	7934	8128	8449	8563	8686	8993	9079	9692	9764	9910	9976	10454	10466	10511	10968	11343	11810	11959	12113	12258	12357	12431
6	1.0	690	1311	1588	2018	2659	2677	2748	3000	3309	3324	3389	3581	3584	3667	3740	4027	4119	4149	4356	5071	5502	5920	6146	6789	7090	7162	7332	7368	7483	7705	7919	8586	9673	9809	10175	10240	10280	10695	10977	11324	11380	11460	11572	11724	11784	12030	12143	12301	12343	12551
7	1.0	14	739	756	1223	1531	1997	2145	2174	2234	2346	2846	3205	3404	3500	3947	4004	4315	4362	4525	4548	4942	4951	5249	5409	5576	5979	6010	7030	7491	8565	8616	9172	9602	9873	10063	10279	10343	10410	10624	11121	11308	11629	11753	12146	12186	12188	12246
8	1.0	466	471	499	511	741	909	1129	1180	1298	1308	1390	1906	2660	2755	2834	3223	3770	4215	4322	4476	4573	4904	5119	5225	5332	5836	5878	6135	6321	6744	6973	7064	7661	7693	8142	8198	8282	8610	9454	9674	9871	9878	10140	10188	10334	10464	10468	10733	11379	11605	11871	11962	12524
9	1.0	169	199	572	809	907	1270	1543	1818	1958	2040	2554	2650	2730	2850	2851	3275	3426	3586	3859	3967	4211	4267	5172	5416	5548	5861	6104	6181	6198	6299	6305	6577	6603	6658	6660	7160	7242	7695	7754	7833	7999	8032	8813	8846	9039	9162	9234	9243	9592	10001	10064	10166	10350	10745	10986	11010	11053	11057	11133	11369	11602	11717	11769	11870	12099	12236	12429
10	1.0	146	588	758	865	931	1198	1205	1394	1430	1968	2395	2716	3022	3166	3353	3393	3526	3750	4462	4653	4820	4896	5604	5660	5898	5926	6001	6092	6118	6223	6448	6860	7614	7847	8473	8578	8844	9157	9237	9285	9478	10206	10323	10377	10879	10925	11221	11378	11529	11782	11894	12078	12183	12256	12272	12471	12560
11	1.0	126	428	1100	1166	1179	1330	1806	1811	2050	2137	2390	3081	3351	3446	3600	3878	4152	4174	4383	4584	4683	4826	4832	4988	5069	5489	5574	6036	6132	6255	6442	6815	6953	7000	7020	7233	7461	7479	8064	8118	8421	9082	9140	9183	9281	9559	9611	9887	9892	10007	10061	10374	10418	10457	10880	10935	11087	11267	11342	11502	11673	11695	11920	12421	12564
12	1.0	393	799	897	1275	1990	2031	2084	2687	2754	2758	2868	3689	4048	4418	4430	4626	5524	5546	6599	6784	7189	7196	7216	7386	7677	7801	8901	9135	9275	9369	9897	10652	11811
13	1.0	119	171	370	532	551	586	666	703	1197	1207	1521	1808	2023	2272	2372	2489	2808	2936	3030	3548	3822	4145	4442	4521	4824	4921	5357	5550	5611	5706	6086	6527	7305	7663	7761	8106	8485	8860	9036	9062	9244	9350	9774	9844	9909	9939	10094	10144	10158	10265	10338	10535	10717	10778	10825	11000	11065	11375	11377	11499	12034	12074
14	1.0	229	311	343	382	594	685	746	1001	1030	1249	2016	2220	2385	2726	2855	3112	3183	3184	3195	3261	4044	4700	5233	5241	5377	5385	5459	5495	5577	5814	6209	6308	6499	6507	6626	6968	7273	7353	7517	7529	7573	7820	7837	7843	8005	8159	8458	8460	8469	8524	8876	8984	9092	9203	9204	9427	9509	9525	9626	9713	9812	9898	9902	9985	10285	10316	10622	10627	10768	11047	11494	11698	11731	11815	12023	12171	12283	12373
15	1.0	161	190	213	227	310	494	664	673	800	922	1099	1153	1219	1324	1498	1686	1742	1798	1904	1945	2199	2279	2591	2602	2646	2652	2975	3326	3356	3359	3416	3582	3602	3748	3892	3898	3941	4022	4028	4155	4227	4233	4297	4323	4412	4553	4589	4647	4661	4877	4946	5087	5206	5514	5589	5904	5933	5977	6100	6101	6188	6248	6350	6385	6387	6511	6513	6526	6717	6722	6773	6935	7122	7168	7177	7199	7713	7744	7784	7826	7876	7958	7960	8007	8022	8224	8528	8574	8605	8617	8720	8855	8856	8861	8912	9029	9130	9149	9163	9215	9286	9305	9336	9356	9371	9392	9414	9494	9535	9566	9570	9612	9707	10084	10288	10351	10389	10504	10589	10789	11027	11078	11205	11314	11347	11395	11422	11446	11546	11553	11577	11704	11936	11967	12062	12101	12132	12224	12240	12511
16	1.0	55	253	403	409	456	729	846	1101	1124	1533	1595	1857	2034	2073	2139	2219	2545	2599	2628	2852	3544	3592	3604	3608	4395	4427	4825	4997	5133	5152	5282	5680	6293	6411	6774	7333	8338	8351	8353	8362	8430	8590	8722	8882	9424	9507	9614	9880	9927	10856	10909	11248	11441	12265	12319	12362	12467
17	1.0	196	238	363	432	777	801	827	906	1381	1793	1820	1834	1896	2317	2431	2454	2468	2527	2717	2832	3457	3706	4063	4586	4680	4895	4932	5116	5166	5556	5571	5695	5787	6199	6848	6997	7027	7295	7816	8058	8061	8375	8507	8518	8600	8715	8798	9035	9067	9597	9610	10137	10615	10679	10872	11067	11475	11598	11766	12002	12227	12229	12305	12574	12576
18	1.0	107	202	289	359	483	1109	1218	1303	1711	2000	2334	2522	2530	2605	3170	3252	3532	3734	3984	4360	4537	4760	5057	5305	5616	5847	6106	6193	6254	7563	8652	8895	9150	9480	10036	10229	10594	10826	10972	11158	11781
19	1.0	96	1237	1271	2030	2253	2478	2941	3329	3904	4440	4849	4934	5547	5679	6545	7377	7988	8404	8413	8583	9151	9955	10985	11042	11606
20	1.0	589	649	853	946	1107	1327	1404	1448	1597	1609	1979	1993	2273	2290	2480	2608	2916	3178	3629	3640	3782	3791	4015	4342	4813	4911	4914	5224	5447	5500	5526	5740	5935	6473	6970	7325	7370	7430	7522	7544	8304	8443	9242	9474	9582	9649	9687	9875	10348	10904	11271	11456	11861
21	1.0	241	514	550	618	785	1444	1488	1645	1694	1741	2156	2233	2235	2524	2640	3094	3658	3951	4055	4304	4339	4576	4681	5046	5734	5867	6111	6464	6480	6733	6738	7049	7497	7550	7682	7732	8223	8286	8428	8654	8799	8898	9024	9839	10096	10122	10610	10626	10943	11153	11234	11791	11891	12079	12274	12418
22	1.0	258	635	1235	2768	3313	4110	4133	4396	4487	4536	5143	6059	6881	7535	7715	7959	8328	8347	8958	9296	9933	10010	11862	11881	11969
23	1.0	73	88	696	751	1137	1283	1632	1822	2413	2421	2434	3091	3369	3528	3824	3845	4067	4173	4232	4990	5054	5059	5141	5807	6075	7227	7469	8055	8148	8592	8647	8765	8858	8937	9759	10495	10791	11118	11757	11911	12394	12458
24	1.0	70	546	565	583	928	1019	1625	1633	1933	2322	2572	2573	2683	3232	3655	3909	4201	4222	4481	4567	4628	4629	4907	5525	5592	5608	5905	6296	6578	6966	7357	7512	7951	8003	8496	8945	9319	9658	9720	9842	10160	10274	10577	10602	10689	11013	11296	11394	12040	12164
25	1.0	23	120	338	356	388	770	775	1212	1352	1996	2361	3590	3962	4165	4200	4328	4382	5012	5089	5317	5383	5421	5430	5714	5874	5907	5910	6098	6692	6782	7657	7911	8006	8270	8316	9184	9359	9489	9588	9666	9685	9814	10050	10670	10889	10974	11131	11905	11975	12333
26	1.0	112	591	627	1058	1075	1170	1800	1870	1974	2291	2691	3048	3214	3729	4217	4514	4872	4976	5358	5366	5721	5981	6052	6117	6406	6573	6842	6882	7274	7367	7787	8063	8172	8323	8403	8437	8917	9153	9771	10409	10558	10578	10614	10662	11320	11694	11914	12039	12166	12285	12288
27	1.0	76	486	615	791	820	1263	1435	1523	1712	1719	1893	2096	2184	2402	2487	2835	2961	2982	3121	3820	3850	4273	4425	4833	5105	5208	5479	5804	5879	5929	5968	6046	6056	6269	6359	7016	7358	7671	7721	8883	9419	10077	10111	10152	10728	10754	11070	11396	11467	12442
28	1.0	373	467	610	1055	1252	1443	1473	1790	1802	2095	2483	2729	2856	2897	3409	3487	3642	4088	4314	4420	4436	4624	5186	5330	5411	5480	5606	5887	5932	5958	5989	6076	6351	7426	7432	7874	8394	9173	9763	9881	10167	10401	10479	10533	10701	11896	12289
29	1.0	41	133	580	905	925	930	1132	1152	1242	1355	1359	1589	1593	1708	2051	2189	2321	2854	3177	3192	3335	3352	3472	3567	3657	3889	4057	4142	4677	4720	4766	4839	5103	5575	5980	6433	6684	6845	7445	7571	8369	8624	9037	9059	9161	9468	9482	9517	9846	10105	10194	10597	10612	10776	10911	10926	11360	11453	11528	11559	12206	12546
30	1.0	93	478	677	715	722	798	1769	1889	2142	2225	2812	2839	3467	3551	3597	3883	4083	4483	4886	5338	6029	6095	6381	7008	7123	7247	7310	7484	7679	8054	8239	8863	9992	10072	10218	10635	10957	10982	11005	11039	11127	11195	11595	11637
31	1.0	99	358	421	719	973	1054	1747	1755	2423	2727	3069	3340	3474	3873	4091	4213	4249	4564	4893	5236	5253	5326	5523	5533	5554	5597	5921	6083	6222	6315	7525	7678	7849	8391	8424	8495	9104	9323	9388	9483	9756	9803	10044	10579	10583	10634	10642	10718	10839	11608
32	1.0	557	996	1254	1262	1683	2138	2419	2685	2744	3286	3481	3769	3993	4000	4056	4441	4490	4746	4838	4883	4901	5109	5287	5591	5641	5693	5818	5893	6150	6232	6570	6639	6806	7017	7476	7831	7993	8922	9027	9292	9693	9951	10235	10317	10420	10707	10737	10744	12000	12178	12477
33	1.0	257	435	804	1000	2046	2506	2917	3274	3308	4064	4264	4278	4400	4520	4835	5451	5498	6205	6212	6272	7077	7145	7262	8329	8829	9632	9961	10014	10492	10668	10910	11196	11651	11798	12080	12112	12179	12293	12308	12464
34	1.0	186	249	383	1382	5805	5881	5942	7930	8370	8730	9069	9339	10295	10396	10567	10719	11307	11506	11712	12490	12507	12534
35	1.0	230	2017	2387	4376	8243	8676	8908	9309	9598	10030	10507	11284
36	1.0	221	307	427	489	566	597	1143	1334	1578	1745	1765	1999	2224	2463	3251	3301	3575	3764	3832	3946	4150	4161	4370	4424	4438	4513	4561	4958	5050	5131	5146	5327	5560	5774	5806	5860	5941	6288	6533	6628	7405	7501	8350	8520	8608	8611	8692	8699	8879	9020	9131	9239	9373	9817	10246	10508	10547	10607	10928	11060	11261	11332	11442	11509	11705	12139	12243	12276	12403	12533
37	1.0	570	1047	1167	1233	1287	1362	1375	1794	2409	2699	2893	3440	3695	4355	4372	4780	5793	5853	6282	6875	7278	7403	10104	10293	10340	10991	11085	11089	11160	11252	11310	11669	11963	12339
38	1.0	67	587	680	1536	2092	2439	3239	3555	3692	5833	5838	6155	6158	6304	9270	9348	9746	10286	10870	10887	11101	11384	11638	11719	11726	11797
39	1.0	1165	1480	1587	2005	2617	4240	4414	4587	4891	5664	5729	6541	7436	7680	7795	9133	9330	10697	11259	12195
40	1.0	346	531	613	1268	1320	1839	1916	2102	2247	3158	3679	4030	4522	4570	5047	5120	5710	6396	6588	6674	6691	7097	7144	7349	7538	7643	8175	8635	8979	9100	9238	9681	9986	10076	11340	11545
41	1.0	297	464	720	1291	1366	1452	1627	2097	2130	2658	2955	3002	3444	3817	4915	5759	5782	5873	6823	7187	7474	7892	8427	8656	8658	9023	9081	9124	9205	9529	10173	10357	10830	11098	11226	11325	11542	11948	11989	12115	12238	12393
42	1.0	260	1302	1503	2953	3818	4488	4627	5624	5662	6057	6391	7339	10115	11759	11874
43	1.0	454	966	1090	1172	1203	1775	2590	2648	2892	3063	3379	3761	3833	4384	4460	6061	6105	6280	6519	6635	7320	7591	8731	8825	9032	9929	10117	10421	10775	11304	12017	12280	12510
44	1.0	553	952	983	1333	1483	1715	1771	1831	2596	3212	3594	3634	3821	3835	3871	3903	4047	4053	4390	4431	4707	5279	6238	6988	7280	7378	8107	8478	8848	8968	9053	9136	9274	9283	9410	9631	9948	9994	10132	10154	10185	10959	11241	11491	11575	11583	11625	11988	12009	12169	12582
45	1.0	85	137	166	324	492	513	763	1084	1919	1946	2066	2083	2448	2571	2603	2604	2667	2669	2781	3046	3131	3763	3996	5056	5064	5270	5537	5544	5701	5800	5817	5889	5908	6394	6518	6524	6631	6719	6796	6884	7114	7171	7558	8000	8037	8083	8389	8745	9003	9058	9199	9278	9836	10103	10163	10363	11280	11413	11610	12446
46	1.0	128	131	141	183	240	488	648	727	1115	1191	1905	2371	3160	3193	3401	3843	4105	4743	5118	5211	5482	5494	6085	6357	6575	6661	7083	7208	7297	8010	8074	8773	8827	9268	9341	9415	9443	9542	9679	9823	9851	9860	10657	10990	11073	11411	11454	11708	11888	12198
47	1.0	780	1015	1777	1925	2826	3100	3468	4153	4459	5732	6107	6395	6694	6695	7392	7576	8445	9781	10208	10424	10497	10650	11398	11831
48	1.0	475	902	1168	1222	1785	2025	2166	2211	2218	2353	2783	3880	4690	4972	6145	6743	6764	7165	8105	9647	9861	10333	10641	10678	10713	12174	12571	12580
49	1.0	90	222	541	1462	1842	2671	2689	2885	2900	2920	3144	4774	5292	5470	5880	5960	6361	6378	7765	7818	7936	7955	8029	8052	9114	9122	9505	9848	10073	10264	11800	12366	12370	12451
50	1.0	228	1752	1913	2474	3930	4756	5324	5892	5982	6184	7178	8177	8186	8834	9012	10332	10757	10924	11018	11191	11258	11947
51	1.0	814	1121	1692	2191	2465	2952	3066	3547	3561	3566	3723	3938	4131	4257	4281	4519	5193	5646	6528	7047	7066	7574	7683	8488	8502	8774	9229	9354	10257	10965	11833	12493
52	1.0	43	173	657	841	1353	1552	1886	2280	2639	3109	3373	3778	3885	4066	4121	4146	4621	4748	5360	5603	5829	6137	6503	6531	6667	6786	7182	7224	7342	7796	7817	8045	8379	8484	8625	8859	8867	9390	9514	9854	9969	10108	10266	10283	10807	10899	10939	11026	11049	11666	11792	11822	11845	11915	12148	12249	12522
53	1.0	264	273	330	332	371	404	533	563	606	817	848	875	1028	1201	1296	1476	2103	2129	2158	2303	2323	2350	2484	2796	2799	3017	3395	3538	3665	3682	3758	3958	4209	4385	4549	4597	5150	5210	5350	5367	5749	5756	5934	6371	6403	6413	6478	6558	6673	6877	7025	7087	7465	7546	7595	7646	8104	8209	8310	8491	8556	8579	8746	8760	8794	9102	9306	10091	10373	10530	10599	10734	10812	11048	11143	11151	11381	11565	11676	11738	12129	12197	12365	12486	12515
54	1.0	261	750	808	1018	1784	1903	2295	2844	2858	3040	3684	3754	3927	3978	4058	4260	4823	5243	6119	6242	6712	7151	7340	7488	7505	7551	7613	7977	8082	8109	8133	8621	8928	9263	9370	9425	9818	9956	10098	10743	11786	11984	12050	12054
55	1.0	36	122	972	1077	1131	1479	1778	2886	3542	3610	3839	4136	4139	4251	4386	5699	6323	6620	6822	6919	7302	7581	7872	8184	8230	8425	8758	9194	9212	9467	9719	9894	9943	9989	10121	10200	10711	10873	11586	11624	11807	11809	11869	11971	12388	12444	12555
56	1.0	596	749	955	1096	1265	1657	2200	2210	2215	2562	2574	2588	2610	2649	2797	2881	3059	3140	3380	3392	3535	3601	3630	3670	3992	4003	4164	4466	4501	4532	4593	4787	4791	4887	4909	4924	5020	5148	5200	5278	5539	5738	5795	6153	6233	6540	6591	7279	7324	7338	7369	7728	7987	8103	8214	8258	8474	8532	8885	9101	9116	9191	9227	9349	9748	9761	9967	10029	10225	10513	10647	10658	10772	11080	11679	11926	12064
57	1.0	77	294	945	1095	1145	1631	1947	2049	2114	2565	2749	3039	3092	3278	3790	3856	4080	4623	4702	4758	5130	5319	5645	5809	5855	5894	6058	6259	6682	6731	6808	7043	7096	7527	7668	8284	8515	8597	8609	8666	8960	9159	9327	9409	9453	9585	9665	9677	9815	9865	9883	9959	10489	10703	10929	11069	11334	11402	11426	11527	11649	11690	11909	11972
58	1.0	29	197	430	686	948	1728	2159	2292	2407	3038	3381	3557	3809	4231	4265	4453	4805	4927	4979	5381	7198	7406	7704	7894	8093	8325	8352	9302	9481	9918	10214	10688	11331	11520	11647
59	1.0	97	165	293	318	612	706	859	915	967	1017	1279	1594	1687	1703	1863	2275	2308	2369	2654	2680	2708	2777	2784	2879	2912	3228	3277	3307	3312	3464	3490	3800	3887	4011	4606	5205	6252	6263	6313	6322	6380	6420	6549	6582	6616	6907	6933	7024	7175	7288	7341	7611	7658	7825	7942	7980	8410	8619	8712	9064	9258	9460	9695	9867	10156	10693	10916	10955	10967	11174	11403	11445	11468	12155	12318	12355	12538
60	1.0	317	2535	5262	6071	6341	6536	6926	10793	11190	11887
61	1.0	48	484	1120	2135	2242	2281	2298	2378	3163	3743	4021	4106	4290	4398	4638	4685	4798	5110	5124	5213	5865	5974	6330	6653	6961	7170	7229	7584	7881	7921	7929	8043	8677	8951	9417	9439	9463	10569	10801	10885	11469	11533	11829	12434
62	1.0	147	220	429	1214	1710	1725	1955	2265	2469	2815	3358	4717	4767	4861	4941	4944	5516	5824	5825	6161	6220	6278	6463	6679	7640	7985	8191	8880	9294	9760	10150	10248	10249	10259	10782	11630	11931	12176	12208	12291
63	1.0	828	1130	1750	2176	2186	2962	2966	3169	3264	3741	3847	4454	5587	6412	7707	8044	8728	9782	10407	10461	10676	11187	11760	11795	12133	12411	12443
64	1.0	390	579	901	1105	1306	2151	2516	2766	2960	3254	3337	3366	3431	3831	4496	4637	4736	4855	4888	5038	5097	5161	5220	5538	6275	6335	6492	6602	6655	7051	7446	7760	7907	8482	8555	8620	8727	8819	9293	9589	9757	10123	10330	10425	10761	11104	11302	11457	11534	11707	12019	12263	12346	12438
65	1.0	136	402	453	935	989	1175	1236	1328	2201	2482	2872	2989	3095	3102	3126	3226	3696	3964	3980	4029	4607	5549	5802	6148	6151	6445	6517	7022	7309	7372	7427	7660	7808	7811	7829	8090	8357	8704	9108	9260	10191	10215	10361	10365	10487	10705	11084	11102	11113	11333	11530	11687	11820	11842	11900
66	1.0	6	64	650	1871	2037	2056	2296	2394	2682	2764	3208	3546	3730	4585	4971	5313	5378	5652	5930	6002	6122	6165	6245	6317	6555	7042	7117	7225	7245	7583	7639	7864	7947	8146	8252	8262	8306	8322	8837	8932	8957	9358	9516	9617	9841	9864	9874	9924	10161	10189	10749	10751	10815	11068	11250	11294	11423	11609	11702	12167	12461	12521
67	1.0	693	1103	1739	2216	2770	2873	3006	3624	3705	3915	4348	4350	5032	6654	7277	7371	7841	8296	8500	8513	8642	9072	9987	10216	10331	10486	10686	10868	11059	11238	11582	12540
68	1.0	674	805	911	2452	2694	3185	6769	8519	9103	11418
69	1.0	51	159	410	733	771	796	1301	1551	1729	2447	3080	3125	3201	3342	3613	3704	4101	4504	4517	4674	4847	4865	5404	5427	5676	5840	5925	6040	6048	6853	6952	7365	7389	7774	7982	8019	8066	8132	8253	8344	8438	8455	8884	8992	9394	9876	9889	10302	10625	11103	11607	11667	12460
70	1.0	82	357	564	778	1226	1357	1434	1591	1649	1817	2286	2801	2840	3191	3253	3399	3523	3779	4071	4120	4716	4803	4842	5175	5256	5355	5563	5909	7093	7651	7855	8235	8281	8293	8512	8633	8782	9544	9724	9794	9899	9903	9931	10129	10450	10510	10534	10554	11029	11232	11841	12142	12196	12320
71	1.0	49	52	75	94	284	295	353	858	1086	1251	1313	1350	1421	1437	1440	1662	1723	1909	1984	2228	3345	4114	4246	4324	4437	4446	5179	5199	5260	5438	5581	5637	5704	5788	5843	6034	6211	6348	6358	6584	7040	7304	7439	7566	7867	8048	8197	8481	8781	8913	9202	9291	9384	9496	9576	9920	10016	10263	10269	10345	10347	10413	10503	10523	10546	10796	11222	12048
72	1.0	592	892	919	990	1450	1456	1779	2557	3012	3105	3111	3674	3805	3877	4234	4263	4340	4405	4731	5329	5619	5798	5966	6191	6443	6728	6783	7615	7805	7859	7908	8068	8117	8648	8976	9353	9418	9684	9852	10024	10065	10253	10324	10433	11091	11115	11135	11863	11898	11932	11978	12063	12082	12415	12433	12509
73	1.0	394	1025	1467	1580	1807	1978	2161	2222	3087	3107	3279	3686	4300	4983	5074	5134	5691	5743	6236	6284	7019	7507	7688	7777	8997	9299	9906	10041	10138	10400	10463	10787	11031	11147	11179	11735	11907	12436	12508	12537
74	1.0	446	795	964	1259	1277	1309	1341	1696	2091	2252	2438	2792	2973	2980	3333	4846	5080	5081	5276	5515	5888	6060	6521	6735	7001	7004	7899	8288	9616	9788	9806	10162	10427	10453	10516	10675	10956	11202	11425	11439	11548	11662	12125
75	1.0	204	653	1066	1413	1553	1981	2163	2260	3349	3485	3620	4207	4408	5001	5289	5476	5531	5976	7209	7766	7926	7941	8374	8510	8791	9010	9541	9553	9575	9708	10013	10183	10651	10677	10716	10945	11207	11538	11830	12374
76	1.0	28	268	278	689	1209	1247	1392	1518	2475	2740	2958	3396	3556	3717	4100	4258	4634	5237	5797	5990	6479	6581	7281	7477	7567	8711	8804	8970	9065	9640	9698	9847	10080	10169	10209	11371	11805	12140
77	1.0	380	1556	1577	1650	1901	2008	3596	4108	4196	4330	4635	5115	5178	5291	6015	6983	8138	8539	8925	9190	10118	10337	10360	10536	10702	11148	11330	12207	12232	12358	12361
78	1.0	431	459	1877	1972	2146	2192	2417	2715	2724	2756	3084	3159	3382	3688	4026	4116	4389	4429	5311	5384	5857	6600	6742	6981	7075	7172	7222	7409	7624	8116	8216	8691	8809	8904	9573	10197	10390	10444	10740	10876	11037	11129	11266	11353	11617	11850	11941	12382
79	1.0	281	622	1281	1416	2133	2477	3079	3377	3385	3494	3971	4194	4404	4432	4616	4878	5347	5708	5978	6467	6534	6702	6724	7448	8247	8486	8530	8540	9779	10483	10617	10735	10828	11061	11082	11449	11471	11733	12427
80	1.0	117	142	246	401	1367	1636	1951	2071	2406	2558	2932	3256	4054	4117	4444	4646	4669	5093	5314	5380	5424	5483	5779	6026	6637	6792	6927	7111	7265	7272	7334	7387	7608	7724	8464	8497	9115	9406	10800	11561	12322	12535
81	1.0	1335	1402	1433	1562	1698	1900	2525	2867	3216	3673	3773	3945	4381	4461	4943	5190	5307	5950	5951	6166	6372	6542	7072	7789	7790	8873	10417	10532	10822	10824	11092	11094	11459	11590	11721	11774	11899	12410
82	1.0	523	1377	1690	1966	2077	2341	2878	3258	3331	5254	5794	6587	6908	7539	8468	8668	9025	9888	10472	11741	11933	12160
83	1.0	27	150	331	469	1023	2154	2375	2432	2476	3637	3756	4050	4422	4725	4761	4954	5351	5413	5442	6618	6676	6749	7681	8089	8436	9084	9245	9907	10756	10762	11450	11472	11544	11641	11924	11970	12022
84	1.0	218	1853	1859	3149	3462	4167	4527	5216	5850	5939	6891	7193	7749	8816	9256	10070	10919	11478	12081
85	1.0	437	874	1033	1169	1969	2141	2169	2267	3285	3925	3957	4179	4202	4559	5419	5627	5839	5896	6023	6054	6347	7101	8087	9146	9607	9645	9648	9791	9833	11770	11910	12168	12584
86	1.0	676	1446	1689	2930	3005	3691	3876	4171	4614	5268	6133	6770	6771	7110	7751	8905	9160	9223	9360	9430	10192	10260	11107	11511	11747	12144	12239
87	1.0	9	104	256	463	818	1351	1423	1461	1603	1828	1892	2501	2701	2810	2902	2915	3453	3456	3510	3554	4041	4254	4560	5183	5340	5658	5665	5944	6077	7107	8439	8522	8627	8955	9007	9015	9721	10195	10710	10747	10814	10951	10958	11188	11618	12038	12100	12340	12548
88	1.0	22	69	658	1186	1821	1878	2664	2702	2874	3058	3563	3649	3810	4137	4531	5221	5727	6035	6258	6398	6716	6833	6902	8123	8593	8613	8919	9219	9347	9531	9546	9832	9850	9921	10186	10254	10519	10601	12028	12304	12386
89	1.0	40	139	282	372	413	683	881	1150	1380	1941	2543	2736	2845	3434	3603	3644	3699	3825	4332	5062	5104	5197	5223	5273	5630	6434	6437	6829	6886	6914	7038	7314	7410	7727	7853	8492	8562	8865	9214	9361	9624	9697	9769	10177	10356	10397	10844	10941	11794	11903	11935	12068	12242	12278	12281	12425
90	1.0	480	936	1112	1743	1914	2561	2848	4392	4399	4922	5055	5096	5813	5953	7486	7691	7743	8020	9144	9730	10124	10258	10281	11880	12419
91	1.0	692	854	1182	1572	1833	1851	1976	2179	2931	3354	4068	4538	4851	5045	5229	5457	5647	5963	6243	6324	6614	6807	6835	7253	7650	7755	8039	8276	8498	8511	8567	8589	9086	9765	9982	9984	10069	10088	10937	11409	11692	12414
92	1.0	4	873	1011	1154	2584	2615	2645	3060	3473	3593	4036	4129	4486	5088	5513	5675	5775	6225	6342	6802	6998	7214	7289	7360	7397	7466	7710	8085	8249	8265	8298	8342	8931	9126	9137	9316	9780	9866	9981	10187	10755	11224	11434	11639	11864
93	1.0	16	89	405	438	575	595	885	889	1020	1342	1826	1846	1923	2063	2147	2178	2232	2673	2773	2827	2945	2947	2972	3052	3133	3715	3789	3893	4208	4393	4472	5021	5037	5316	5364	5475	5545	5801	5812	6504	6565	6767	7344	7530	7559	7699	8181	8337	8719	8751	8796	8944	9002	9402	9442	9650	10571	10596	10970	11370	11508	11722	11783	11921	12397	12473
94	1.0	757	781	1043	1156	1297	1405	2164	2443	2622	2853	3229	3550	3806	4008	4176	4762	4862	4917	4929	4957	5101	5875	5924	5947	6084	6216	6312	6426	6457	6763	7398	7467	7762	7890	8140	8382	8409	8499	8588	8723	9030	9279	9635	9944	10148	10379	10403	10648	11203	11212
95	1.0	34	1008	1762	1963	2549	2789	2875	4237	4879	5858	6189	6979	7547	7779	8387	8451	8900	9112	10213	10643	10871	10903
96	1.0	35	231	369	379	1076	1326	2411	2967	3543	5352	6505	7554	7983	8203	8643	9051	9601	9896	10552	11272	12214
97	1.0	47	242	705	745	768	1079	1549	1740	2270	2461	3615	4354	5257	5441	5565	5938	6462	6934	7343	7698	7780	7962	8139	8162	8332	8415	8479	8543	8575	8784	9185	9486	9710	9912	10570	10704	10841	11150	11186	11556	11843	11882	12321	12344	12495
98	1.0	537	1500	2909	3035	3516	3680	3714	3998	4658	5397	6630	6656	7303	7440	8245	8973	9416	9498	9662	9776	10653	12255	12543
99	1.0	3646	10227	11287
100	1.0	590	963	1475	1586	1638	1655	1860	2064	3489	3645	3732	3894	4479	4728	5138	5454	6376	6944	6978	7317	7956	8168	8572	9195	9225	9604	9997	10553	10766	10773	11448	11689	11814	12231
101	1.0	1087	1349	1497	1642	1705	2928	4478	5228	6681	6745	7460	7739	8433	10090	10562	11144
102	1.0	819	1026	1598	1671	1738	2379	2466	2700	3391	3757	4523	4755	4923	5551	5613	5835	6230	6289	6414	6915	6936	7014	7054	7768	8021	8367	8582	8659	8716	8964	10109	10114	10385	10502	10862	11516	11585	11776	12215	12317
103	1.0	280	314	481	876	1372	1721	1827	1841	2021	2187	2523	3025	3293	3298	3803	3829	4097	4588	4772	5004	5132	5308	5541	5769	6186	6229	6277	6923	6958	7758	8108	8514	8559	9113	9168	9290	9295	9699	10056	10168	10683	10845	10881	10975	11819	11993	12003	12084	12161	12203
104	1.0	1046	1391	2304	3071	3157	4307	5863	6708	6897	8008	8212	8231	8551	9093	9178	10674	11114	11383	12092	12234	12498	12529
105	1.0	125	195	210	248	559	568	927	1245	1532	1788	2162	2194	2492	2577	2712	2997	3043	3148	3288	3932	4609	4822	4854	5135	5334	5370	5373	5536	5567	5686	5870	6474	6485	6530	7018	7627	7848	7963	7974	8040	8157	8196	9061	9218	9605	9845	10440	10656	10720	10897	11009	11329	11362	11474	11477	11703	11762	11884	11981
106	1.0	25	130	185	302	917	1068	1761	1796	1961	1989	2241	2249	2366	2456	2595	3074	3397	3690	3722	3846	3986	4006	4062	4259	4394	4434	4526	4617	4644	4912	5584	5772	5969	6121	6202	6488	6619	6652	6814	7180	7482	7692	8256	8740	8878	8909	9366	9393	9451	9515	10037	10089	10419	10581	11763	11840	12057	12387	12395	12441
107	1.0	335	643	732	829	837	1491	1630	1714	2165	2734	2890	2929	3747	3798	3929	4197	4346	4551	4718	4868	4919	4940	5156	5315	6160	6310	6327	6409	6650	6756	6760	6867	6931	7138	7197	7285	7493	7854	8114	8170	8454	8483	8503	8506	8521	8547	9179	9476	9495	9675	10381	10843	11149	11167	11236	11419	11737	12138	12157
108	1.0	114	298	823	1048	1436	1515	1634	2244	2264	2358	2859	3116	3447	3452	3579	3617	3709	3768	4765	5094	5417	5462	5586	5609	5640	6167	6292	6689	6709	6759	6793	6920	6976	7218	7243	7355	7935	8232	8273	8349	8776	8986	9737	9800	10319	10355	10722	10736	10798	11105	11965	11982	12286	12347	12463
109	1.0	267	792	1489	1850	1926	2120	2254	2256	2261	2276	2504	2733	2806	2943	3291	3428	3441	3545	3738	3896	4018	4449	4544	5453	5854	5931	5973	6110	6125	6139	6489	6890	7080	7286	7492	7772	7895	7970	8190	8219	8509	9308	9663	9816	9821	10592	10729	10783	11043	11058	11169	11498	12481	12549
110	1.0	129	366	461	845	888	893	1113	1217	1248	1707	2004	2140	3497	3506	3771	4528	4913	4945	5076	5139	5318	5716	5832	5988	6208	6446	6816	7050	7540	7590	7995	8283	9400	9444	9785	9789	9837	9904	10003	10020	10051	10147	10297	11076	11139	11274	11635	11658	11846	12089	12189	12306	12369	12400	12459	12475	12506
111	1.0	687	811	1142	1315	2065	2310	2647	2913	3065	3328	3334	3386	3448	3882	3897	3913	4138	4689	4903	4985	5024	5395	5967	6375	6490	6592	6876	6950	6987	7190	7335	7356	7588	7773	7889	7990	8801	8949	9240	9485	9549	9827	10238	10493	10563	10673	11090	11877	12088	12191	12277	12422	12428
112	1.0	143	555	1874	3037	3589	4860	5025	5252	5321	5331	6047	6174	6316	6486	7284	7472	7515	8274	9046	9462	10667	10808	11066	11176	11198	12086	12381
113	1.0	350	476	740	826	1059	1188	1376	2149	2451	2473	2710	2713	2753	2769	3123	3129	3306	3745	3953	3954	4051	4077	4341	4377	4391	4410	4518	4550	4953	5300	5763	5986	6072	6113	6265	6659	6683	7154	7210	7211	7234	7475	7788	7891	8042	8120	8300	8571	8649	8693	8899	9193	9235	9266	9272	9563	9740	9749	9917	10071	10455	11038	11182	11495	11644	11645	11725	11821	11990	12120	12126
114	1.0	194	418	661	807	1162	1389	1940	2143	2258	2778	4492	4784	4828	5666	5901	6247	6253	6972	10179	10918	11017	11227
115	1.0	1052	1571	1681	3981	4810	6604	6638	6948	8697	9226	9905	11220	11594	12217	12257
116	1.0	869	914	1883	2190	2686	3028	3840	4034	4605	4963	6572	6837	7094	8330	8435	9868	10556	11447	11543	12247	12262
117	1.0	78	642	659	838	857	1193	1220	1240	1284	1428	1717	1749	1819	1949	2081	2104	2250	2311	2568	2585	2959	3057	3244	3552	3652	3654	3969	4252	4974	5053	5301	5509	5517	6675	6698	6861	6899	7003	7060	7078	7109	7149	7152	7282	7675	8327	8601	8778	9401	9644	9901	10176	10405	10494	10621	10746	10996	11007	11193	11412	11549	11560	11671	11743	11828	11873	12012	12016	12059	12302
118	1.0	124	157	303	485	1037	1469	1619	1786	2028	2502	3209	3410	3765	4266	4447	4645	4675	5226	5372	5401	5461	5842	6196	7118	7545	7725	7925	8275	8294	8396	8768	8852	9207	9637	10204	10207	10666	10715	10998	11286	11410	11496	11522	12032
119	1.0	3320	4608	6663	8151	9629	10555	10584	10890
120	1.0	156	445	535	721	951	953	974	977	981	1453	1511	1564	1927	2289	2508	2518	2592	2800	2805	3014	3332	3339	3700	3814	4557	4591	4794	5043	5374	5578	5631	6176	6281	6300	6306	7424	7687	7834	9911	9928	10436	10505	10960	11001	11011	11014	11164	11219	11225	11295	11368	11541	11966	12159	12518
121	1.0	44	84	387	391	434	1525	1942	2124	2287	2316	2391	2631	2636	3478	3827	4326	4679	5387	5400	5897	6495	6598	7800	7830	9117	9216	9321	9636	10303	10551	10606	10659	10892	10936	11336	11424	12295
122	1.0	215	325	462	1502	1992	2168	2612	2688	3051	3343	3638	4295	5271	5375	5625	5670	5900	5993	6124	6183	6286	6535	6590	6610	6805	7815	7896	8363	8888	9224	10110	11270	12018	12470	12542
123	1.0	92	254	654	730	1486	1505	1764	2111	2195	2676	2767	3152	4086	4505	4902	4937	5144	5491	5617	5671	5803	6491	6539	6645	6761	7012	7062	7079	7173	7400	7441	7593	7716	7838	7997	8046	8154	9052	9996	10623	10850	11166	11194	12109	12499
124	1.0	193	582	585	1184	1343	1782	2213	2337	2570	2883	3219	3241	3347	4636	4712	4965	5160	5484	6256	6349	6617	7231	8091	8158	8736	8814	9041	9078	9572	10901	10947	11138	11315	11382	11504	11790	11860	12527
125	1.0	176	450	549	717	815	1088	1171	1832	1862	2167	2541	3222	3406	3411	3414	4024	4039	4426	4642	4779	4795	4840	5035	5052	5320	5512	5553	6337	6422	7184	7598	8244	9188	9715	10294	10342	10369	10609	10629	10917	11636
126	1.0	8	121	299	628	1146	1300	1407	1583	1611	1727	1882	2255	3531	3733	3834	3995	4321	4672	4730	4735	4894	5084	5165	5294	5615	6102	6187	6834	7326	7395	7718	7782	7961	8134	8271	8395	8412	8550	8665	8805	8911	9042	9083	9530	9790	9926	9991	10252	10277	10481	11244	11443	11588	11824	11886	12106	12332	12489
127	1.0	679	908	918	1329	1937	3108	3280	3503	3931	4905	4925	5106	5140	5219	5392	5985	6063	6074	6546	6727	6974	7549	8013	8210	8368	8802	8840	8954	9217	9374	9600	10221	10371	10467	10538	10934	11184	11387	11852	12177	12252
128	1.0	2529	3341	4210	5518
129	1.0	50	58	671	1069	1229	1363	1529	1783	2441	2470	3010	3016	3020	3210	3365	3875	3895	3935	4172	4189	4592	4611	4867	5127	5819	6715	6840	7055	7319	7770	8662	8675	9441	9653	9772	9890	9934	10309	10452	11415	12259	12450
130	1.0	377	789	866	956	959	1007	1622	2074	2263	2399	2993	3122	3540	3618	4294	4714	4745	4827	5003	5040	5126	5202	5245	5281	5345	5768	5810	5937	6423	6487	6794	6831	7052	7201	7257	7352	7413	7454	7502	7932	8295	8377	8703	8744	8769	8821	9252	9555	9593	9783	9978	10473	10501	10574	10664	10730	10788	11125	11518	11696	11780	11930	11942	11951	12185
131	1.0	138	701	1323	1508	1677	2105	2829	3266	4289	4470	4590	4799	5068	5412	6099	6543	7263	7992	8376	9125	9132	9404	10388	10681	11163	11432	12569
132	1.0	411	442	472	576	660	833	1038	1094	1119	1464	1610	1637	2002	2196	2206	2481	2538	2563	2620	2822	3019	3415	3515	3519	3578	3626	3780	3988	4500	4555	4757	4777	4918	5049	5250	5543	5672	5961	6003	6260	6509	6629	6913	6990	7174	7220	7313	7752	7975	8236	8390	8416	8457	8470	8542	8631	9300	9421	9567	9615	9655	9725	9856	10062	10312	10368	10631	10661	10687	10794	10804	11040	11051	11141	11289	11400	11531	11604	11742	11799	11813	11939	12071	12170	12314	12371	12378
133	1.0	148	287	396	490	500	868	988	1014	1040	1720	1957	2093	2400	2495	2514	2857	3376	3619	3982	5022	5359	5555	5659	5822	5911	6115	6465	6595	6606	6999	7139	7407	7880	7957	8016	8166	8233	8471	8475	8707	8777	8822	8854	8938	8980	9405	9596	9840	10267	10327	10515	10586	11002	11055	11277	11680	12085
134	1.0	91	812	993	1039	1348	2157	2823	3007	3147	3612	4190	4843	4898	5107	5342	5361	5778	6707	7015	7142	7673	7703	7794	8060	8150	8628	9311	9822	9859	9882	10384	10422	10865	11633	11682	11883	11956	11996	12135	12423
135	1.0	111	630	1027	1442	1898	2862	2884	4793	5272	6642	6800	7011	7292	7556	8461	10877	11650
136	1.0	342	1050	1261	1272	1626	1773	2285	2964	3172	3451	3716	5065	5644	6195	6239	6246	6625	6627	7204	8018	8057	8835	9165	9208	10043	10353	10565	10836	11262	11714	12445
137	1.0	135	140	200	255	436	737	782	835	1369	1383	1395	1441	1881	2101	2197	2302	2364	2449	2696	2719	2956	3238	3325	3527	3643	3772	3838	3955	4005	4043	4124	4291	4603	4776	4804	6159	6204	6271	6331	6470	6895	7071	7315	7490	7939	8102	8971	9111	9141	9362	9380	9810	10101	10136	10271	10540	10817	10893	11036	11122	11230	11303	11323	11758	12336	12390
138	1.0	290	433	560	932	1005	1135	1206	1753	2320	2738	2746	2795	2914	2971	3049	3171	3496	3536	3659	3952	3979	4037	4204	4361	5488	5715	5754	5916	6007	6200	6333	6605	6700	6918	7638	7824	8371	8426	8476	8526	8779	8845	8952	9047	9154	9709	10145	10242	10781	10907	10995	11321	11709	11748	11961	12070
139	1.0	288	449	656	923	1064	1072	1516	1565	1604	1680	2226	2420	2803	2847	3785	4069	4085	4327	5713	5956	6547	6859	6921	7388	8077	8261	8393	9156	9608	9863	9916	10482	10644	12091
140	1.0	13	207	320	470	567	631	682	774	871	1164	1232	1675	2150	2282	2284	2343	2697	3011	3437	4187	4565	5201	6922	7010	7251	7259	7351	7553	7731	8655	8698	8923	9060	9096	10560	11480	11945	12029	12150	12182	12478
141	1.0	3479	8887
142	1.0	285	577	895	1163	1216	1438	1880	2457	3580	3973	4403	4540	5752	6311	6388	6550	8067	8549	10226	11612	12351
143	1.0	20	491	1189	1290	1864	2208	2490	2550	2763	2831	4445	4977	5255	5428	5432	5776	5783	5811	5837	6439	6450	6452	6571	6821	7166	7458	7690	8548	8903	9006	9344	9683	9691	9802	9953	10120	10299	10449	10520	10550	10786	11117	11260	11311	11514	11755	11957	12404	12492	12505
144	1.0	991	1024	1312	1432	1596	1934	1998	2933	3417	4074	4148	4219	4247	4352	4802	5275	5540	5789	6140	6425	6510	6904	7645	7722	8188	8257	8259	8687	8789	8910	9033	9333	9523	9700	10471	10521	10896	11240	11697	12043	12107	12175	12398
145	1.0	270	497	714	852	949	1756	2076	2090	2181	2787	3678	4123	4223	4371	4407	4556	4992	5971	6680	6726	6844	6846	7147	7203	7290	7665	8318	9118	9138	9919	10025	10250	10858	10895	11255	11547	11622	11684	11867	12220	12456	12528
146	1.0	113	192	360	512	667	731	803	1035	1830	2274	2355	2446	2830	3622	3633	3855	4035	4473	4964	5086	5918	6325	6326	6367	7006	7323	7354	7457	7775	7869	8467	9379	10344	10448	10475	10488	11111	11691	11879	12036	12315	12454
147	1.0	0	276	584	624	1067	1274	1419	1569	2035	2173	2720	2903	3841	4471	4715	4790	5466	5474	5862	5949	5995	6037	6149	6178	6894	6986	7073	7256	7394	7494	7674	7949	8033	8442	8753	9148	9345	9488	9586	9751	10045	10301	10328	11034	11071	11177	11754	12014	12372
148	1.0	316	374	504	571	900	1114	1158	2370	2450	2507	2898	2937	2963	3103	4329	4631	4818	4956	5117	5231	5346	5648	6087	6458	6569	6641	6817	6864	7207	7526	8110	8143	8254	8277	8570	8849	9437	9466	9524	10587	11364	11367	11414	11818	12058
149	1.0	509	520	943	1514	1617	1970	2052	2362	2509	2531	2675	2828	3034	3117	3173	3357	3454	3830	3842	3851	3905	4059	4096	4261	4270	4397	4930	4986	5284	5323	5594	5668	5895	6353	6556	6836	6960	7232	7442	7500	7631	7697	7910	7976	8081	8251	8401	8431	8560	8664	8830	8940	8996	9200	9435	9578	9643	9796	10638	10708	10769	10864	11189	11513	11713	11868	12042	12137	12212	12482
150	1.0	123	441	496	581	603	830	903	1065	1766	2106	2351	2494	2503	2594	2725	2865	3218	3653	3901	4363	5005	5011	5473	5493	5601	5688	6206	6285	6363	6500	6525	6537	6608	6772	7223	7258	8062	8160	8178	8636	9206	9583	9819	9870	10066	10119	10886	11960	12559
151	1.0	179	340	381	540	1098	1371	2183	2408	2774	3420	3564	4421	4850	4962	4969	5007	5171	5406	5448	5561	6090	6276	7569	7923	8135	8192	8269	8383	8525	8732	9098	9325	9375	9399	9768	9973	10205	11157	11592
152	1.0	699	1459	5510	5731	6383	6481	6883	7037	7945	8981	9979	10588	11299	12264
153	1.0	250	355	457	503	2737	2871	2996	3372	3571	4180	4463	4625	4643	6088	6449	6790	7473	8053	8361	8670	8752	8896	9143	9947	10855	11251	11632	11761	11778	11793	12001	12385	12430	12472	12503	12544
154	1.0	12	149	189	398	867	879	2170	2363	3167	3363	3712	3858	3922	4193	4655	4845	5386	5826	5866	6386	6866	7141	8095	9055	9233	9280	9378	9565	9587	9966	10028	10222	10256	10291	10491	10542	11063	11300	11407	11751	12025	12352	12565
155	1.0	844	1228	1379	1512	1751	2088	2517	3242	3294	3424	3669	3797	4175	4781	4786	4892	7241	7870	7886	7915	8200	8308	9580	9753	10402	10441	10882	11458	11853
156	1.0	3	56	243	291	668	850	883	938	1104	1160	1177	1267	1426	1950	1987	2003	2044	2326	2532	2877	2880	3330	3423	3512	3918	3994	4170	4195	4298	4708	4812	5264	5991	6022	6566	6669	6785	6900	6938	6965	7032	7228	7248	7346	7723	7742	8152	8388	8462	8508	8639	8640	8757	8838	8889	8975	9180	9298	9352	9364	9446	9491	9526	9671	9729	9755	9811	9843	10018	10068	10852	11056	11278	11357	11401	12087	12405	12406
157	1.0	506	607	878	916	1322	1513	1599	1843	1929	2022	2058	2398	2533	2714	3088	4025	4118	4191	4244	4311	4336	4562	4711	5016	5349	5723	5955	6103	6392	6906	7316	7416	9167	9211	9335	10289	10962	11170	11938	12303	12349
158	1.0	57	813	1528	1584	1797	2948	3054	3974	4468	4572	5579	8242	9672	9754	9988	11849	12056	12065	12261
159	1.0	1924	2750	5390	5396	6175	6671	8309	9236	9247	9722	9915	10429	10517	11081	11832	12202	12583
160	1.0	3213	5683	5859	6042	6532	6880	7873	8853
161	1.0	53	110	510	561	593	645	1185	1210	1506	1560	2374	2759	2790	2934	3257	3639	3836	4541	4830	5051	5189	5402	5689	5709	6006	6089	6430	6455	7116	7363	7385	7455	7552	7622	7809	7953	8440	9169	9250	9265	9513	9584	9723	9726	10097	10234	10372	10412	10777	11110	11327	11335	11391	11683	11739	11772	12190	12325	12338	12487
162	1.0	861	987	1339	1385	1414	1417	1499	1510	1615	1801	1899	1910	2153	2435	2786	2979	3113	3143	4166	4665	4993	5767	5868	6018	6038	6215	6798	6942	7061	7136	7327	8025	8279	8644	9262	9273	9372	9829	9949	10048	10100	10127	10219	10655	10971	11003	11012	11326	11376	11465	11566	11765	11779	12110	12354	12553
163	1.0	890	3413	6421	6940	7753	8803	9085
164	1.0	65	625	831	1658	2410	3541	4159	4186	4474	4480	6309	6828	6852	7137	7298	8392	9089	9386	9669	10275	11372	11979
165	1.0	1002	1364	1384	1496	1540	1679	1928	2606	2728	3142	3760	4347	4741	4968	5098	5362	5371	5433	5883	6094	6141	6596	7244	7425	7463	7706	7741	8147	8405	8529	8545	8824	9320	9539	9935	10311	10948	10954	11313	11388	11427	11825	11865	12044	12108	12122	12194	12417
166	1.0	42	327	638	704	982	1118	1431	2567	2788	3041	3753	4111	4212	4452	4485	5158	5283	5382	5799	5912	5965	6318	6329	6410	6643	6924	7321	7562	7618	7842	8321	8339	9028	9091	9192	9259	9269	9282	9465	9758	10358	10575	10785	11428	11451	11787	11991
167	1.0	921	1089	1260	1809	2547	3093	3132	3482	3683	4046	4061	4095	4248	4285	5234	6515	7112	7694	7938	7996	8035	8408	8612	8710	8812	10146	10149	10618	11659
168	1.0	279	443	688	937	1010	1071	1660	2597	2735	3574	3710	3977	5214	5653	5915	6021	6231	6858	6977	6995	7376	7898	7979	8165	8201	8366	8618	8934	9396	9520	9922	10380	10770	10780	10795	10984	11126	11801
169	1.0	252	313	426	1722	1869	1890	2760	3559	4325	4582	4694	5041	5341	5569	5746	5757	5849	6136	6270	6384	7269	8086	8713	8956	9387	9998	10284	11859	12517
170	1.0	21	187	233	306	636	1155	2068	2238	2365	2633	2741	2974	3104	3124	3164	3316	3539	3928	4010	4280	4331	4333	4598	4666	4876	5786	5852	6301	6373	6441	6766	6862	6905	6925	7098	7100	7301	7443	7568	7729	7904	8004	8072	8939	9127	9277	9301	9376	9557	9574	9834	10054	10142	10233	10430	10669	10802	10810	11132	11154	11317	11374	11476	11550	11657	11764	12127	12292	12483
171	1.0	174	188	904	976	986	1669	2006	2268	2381	3024	3137	3207	3463	3537	3796	3808	3975	4122	4319	4379	4456	4503	5029	5238	5570	5765	6498	6697	6804	7252	7485	7513	8078	8100	8202	8268	8397	8489	8669	8747	8847	8985	9433	9613	10157	10278	10963	11580	11906	12136
172	1.0	100	245	521	1676	1795	1952	2080	2182	2336	2388	5760	6795	7431	8340	9579	11035	11385
173	1.0	71	226	305	439	465	617	1136	1202	2024	2209	3811	3912	4303	4601	5467	6624	7194	7434	7737	7804	7840	7862	7863	8301	8709	8743	10485	10739	11246	11265	11373	11417	11634	12218	12327	12545
174	1.0	206	655	1215	1544	1746	2125	2651	2692	2723	2771	2841	2866	3032	3190	3371	3387	3694	4125	5033	5720	6435	6705	6951	6985	7102	7438	7450	7610	7626	7652	7702	7709	8173	8399	8660	8717	8808	8886	8983	9170	9343	9497	9742	10349	10526	10548	10598	10992	11075	11253	12294
175	1.0	337	412	482	518	736	744	1224	1918	1988	2062	2227	2528	2693	2711	2818	2838	2944	3318	3577	3698	4156	4814	4991	5407	6031	6138	6400	7048	7076	7767	8679	8714	8750	8890	8963	9087	9222	9241	9590	9813	10035	10478	10559	11016	11032	11072	11215	11732	11785	11980	12073	12221	12324	12407	12479
176	1.0	1317	4763	11570
177	1.0	1	941	999	1053	2116	2188	3096	3221	3576	3749	3799	4020	4241	4484	4649	4698	4782	4797	4973	6194	6994	7045	9619	10979	11908	11952	11995	12007	12015	12337	12452
178	1.0	735	1204	2352	2386	3484	3737	4002	4012	4113	4130	4318	4477	4834	5230	5258	5363	5376	5393	5529	5558	5678	6019	6210	6404	6475	6704	7058	7267	7421	7577	7632	8127	8466	8823	9355	9551	9606	9633	10027	10305	10859	11033	11046	11083	11386	11744	12585
179	1.0	167	349	1141	1293	1386	1824	1953	2126	2681	3119	3176	3668	4112	4451	4875	4970	4978	5014	5535	5940	6368	6710	6781	7081	7689	8169	8355	8841	8962	9000	9152	10087	10458	10549	11021	11050	11268	11484	11885	11897	12360
180	1.0	116	726	1029	1078	1454	1545	1791	1920	2424	2471	2665	2869	3425	3458	4387	4960	4975	5464	5766	6237	6548	7185	7239	7586	7597	7620	7798	8023	8071	8343	8868	9456	9550	9670	10439	10580	10914	10915	11128	11180	11510	11677	11826	12026	12244	12416
181	1.0	54	810	957	1605	1612	2100	2152	3445	3902	4192	4344	4671	4999	5293	5580	5639	5762	6190	6221	7212	7311	7619	7659	7893	8149	9461	9622	9825	9980	10133	10134	10223	10382	10654	11288	11319	11536	11581	12010	12124	12237	12241	12465
182	1.0	134	556	3175	3991	4272	5557	5952	6163	6364	6428	7044	7176	7666	7803	7823	8315	9807	10359	10496	10848	10878	10993	11192
183	1.0	178	1429	1484	1866	2240	2243	2318	2564	2814	2938	2965	2970	3965	4134	4375	4580	4660	4935	4936	4938	5614	5628	5718	6081	6126	6355	6401	6647	7291	7447	7596	8119	8537	8667	8671	10002	10561	10637	10964	11062	11120	11173	11235	11249	11337	11366	11399	11664	12116	12253
184	1.0	5830	6871
185	1.0	208	598	843	940	1539	2335	2442	2757	3795	4739	5661	5745	5972	5984	6082	6173	6332	7237	7884	8027	8174	8447	8641	9318	9999	10827	10976	11482	11716	12020	12384
186	1.0	947	1127	2010	3086	3663	4031	4740	5075	5207	5265	5297	5815	5970	6390	7026	7393	7856	8312	8738	9177	9512	9826	10039	10942	11318	11593	11858	12299	12453	12556
187	1.0	759	1013	1396	1704	2214	2994	3355	3587	3609	3727	5009	5195	5928	7099	7131	7156	7230	7489	11934	12566
188	1.0	19	79	545	554	1299	1447	1478	2043	2144	2462	2579	2780	3501	3553	3906	4568	4727	5031	5067	5564	5781	5827	5831	6180	6483	6758	7007	7452	7565	8333	8990	9346	9479	10174	10201	10582	10803	11099	11940	12013	12053	12076	12296	12568
189	1.0	784	1097	1412	1568	2426	2546	2668	2957	3050	3128	3315	3493	3721	3966	4115	4577	4950	5176	5277	5999	6851	7655	7736	9016	9930	10237	10961	11293	11621	12275
190	1.0	102	386	623	1009	1134	2087	2309	3766	3783	4664	4738	5196	5295	5643	6114	6522	7125	7205	7238	7293	7524	7612	8179	8215	8533	8690	8766	9438	9493	9562	9963	10141	10245	10443	10484	11985	12193	12210	12447
191	1.0	762	1399	1492	1682	3259	3919	4574	6008	7153	7361	7383	7776	9490	9736	9767	10015	10202
192	1.0	259	296	562	764	898	929	1022	1373	1575	1792	1935	1975	2493	3013	3246	3507	3524	3972	4089	4132	4282	4693	4778	4852	5142	5168	5344	5423	5784	5864	5906	6045	6051	6177	6850	7296	7481	7778	8050	8079	8311	8319	8595	8833	8935	9043	9395	9408	9552	9641	9682	9714	9717	9820	10023	10047	10247	10506	10671	10692	10952	11134	11146	11155	11229	11365	11558	11654	11740	11987
193	1.0	678	2204	2422	3430	5309	5405	8320	8902	9784
194	1.0	37	455	728	913	1006	1238	1393	2619	2739	3114	3573	3685	4719	5010	5100	5114	5431	5434	5957	6050	6553	6799	6830	6878	7164	7572	7601	7900	8234	8348	8552	8974	9220	11430	11646
195	1.0	440	663	1176	2918	2922	3375	3751	3826	3997	4162	4455	4622	4654	4723	5456	5828	6164	6696	7235	7730	8113	8228	9074	9958	10243	10477	10537	10969	11223	11611	11656	11771	12211	12577
196	1.0	26	1706	1921	3367	3471	3505	3511	3983	5505	5572	5673	5733	6662	7148	7464	8041	8429	9449	9654	9983	10092	10370	10375	10891	11339	11552	11767	12391
197	1.0	46	544	602	1159	1810	1887	3436	4151	4220	4271	4308	4734	4858	4874	6080	6338	6484	6568	6714	6768	6901	6993	7700	8365	8762	8914	9511	9609	10099	10867	11041	11688	11816	11913	12072	12158
198	1.0	106	1507	1535	1548	1716	2070	2094	2556	2807	2861	2896	3233	3502	3518	3565	3636	3781	4135	4554	5042	5060	5090	5111	5125	5167	5642	6670	6959	7034	7067	7085	7328	8187	9253	9267	9334	9412	10006	10116	10155	10649	10799	10809	11030	11363	11788	12031	12554
199	1.0	399	417	600	954	1295	1854	1858	2313	3360	3917	4764	5599	5632	5936	6078	7113	7745	8386	8604	8793	10046	11526	12376	12525
200	1.0	419	447	543	1190	1269	1365	1618	1856	1865	1948	2059	3231	3243	3419	3641	4229	4317	4808	4949	5082	5099	5312	5379	5725	6147	6273	6529	6672	6980	7041	7414	7478	7580	7685	8125	8225	9385	9422	10321	10393	11116	11216	11217	11312	11436	11486	11620	12005	12060	12267
201	1.0	309	408	515	574	709	1183	1346	1472	1541	1570	1654	1814	2624	2642	3203	3514	3569	3660	3804	4144	4695	5391	5408	5872	5876	6109	6197	6910	7380	7420	7542	7623	7637	7642	7656	7866	7877	8307	8385	8490	8646	9436	9471	9506	9689	9885	10012	10499	10696	11044	11579	11600	11648	11711	11728	11823	12152	12162	12536	12587
202	1.0	145	716	1092	1956	2539	2765	2894	2977	3141	3181	3267	3465	3719	4038	4087	4236	4967	5173	5472	5823	6044	6093	6120	6818	6839	6947	7401	7519	7641	7653	7814	8360	8531	8538	8737	8790	8916	8972	9056	9166	10212	11273	12033	12269
203	1.0	2752	3248	3924	4001	4752	5891	6207	6307	8167	8480	8772	9545	10210	12024
204	1.0	272	321	334	362	821	926	1016	1520	1656	2118	2389	3475	3794	4547	5235	5445	5593	6261	6506	6632	6703	6941	7105	7183	7423	7504	7557	7587	7906	7927	7968	8028	8205	8602	8754	8918	8969	10459	10476	10829	11028	12046	12154	12335
205	1.0	345	1338	2860	2942	3055	3130	3344	3499	4581	4594	4651	5174	5443	5667	5848	6201	6240	6597	6713	6778	7330	7592	8002	8221	8557	8634	9469	9838	9942	10211	10630	10988	11019
206	1.0	201	239	275	547	548	894	1157	1285	1701	2048	2278	2548	2747	2992	3211	4498	4880	5180	5248	5737	6049	6108	6344	6436	6562	6752	7181	7306	7617	7649	7669	8129	9209	9312	9389	9623	9690	9977	10591	12326
207	1.0	738	2177	3908	4099	4684	4710	4889	5450	5452	5492	5542	6014	6241	6249	6472	8920	9543	10639	10806	11264	11301	11847	12103
208	1.0	1760	5532	11309
209	1.0	1422	1451	1557	3321	3744	3886	4090	4102	4245	6024	6143	6416	6476	6787	7070	7088	7468	7496	7701	7865	8638	8767	8807	9646	10767	10933	10994	11263	11523	11626	11974	12494
210	1.0	191	569	616	639	942	1051	1080	1125	1960	2245	2338	2586	2600	2705	2949	3154	3853	3920	4302	4792	5188	6112	6482	7240	8207	8553	8632	8749	8755	8756	9303	9322	9540	10022	10184	10731	10784	10792	11298	11551	12513	12573
211	1.0	81	609	647	1460	1684	1991	2079	2988	3044	3085	3412	3752	3776	3936	4158	4206	5036	5335	5677	6740	6820	7157	7255	7449	7555	8030	8240	8857	9569	10042	10633	11096	11279	11437	12027	12098
212	1.0	232	542	711	1213	1635	2099	2257	2300	2485	2627	2899	3056	3099	3146	3227	3469	3585	3934	4032	4216	4411	4529	5244	5923	6025	6064	6405	6567	6718	6723	6917	7179	7318	7630	7905	8059	8098	8326	8783	9297	9625	11159	11282	11503	11555	11663	11998	12117	12235	12342	12359
213	1.0	1151	1174	1227	1449	1876	2221	3073	4183	4338	4703	4749	4933	5072	6267	7169	8700	9620	9688	11470	11848	11997	12311
214	1.0	18	326	392	1012	1316	1526	1685	1733	2458	2811	3031	3077	3711	4630	4640	4821	4869	5246	5328	5600	5602	5651	5703	5917	6711	7089	7965	8291	8759	9221	9357	9428	10058	10528	11613	11918	11950	12209	12500
215	1.0	45	211	872	1208	1307	1600	1954	2127	2175	2329	2440	2661	2742	2976	3075	3422	3449	3849	4072	5121	5288	5368	6461	6686	6929	7860	8204	9005	9317	9508	10270	11137	11254	11306	11354	11701	11734	12083
216	1.0	1211	1354	1466	1537	1608	1695	2809	4181	4697	5048	5439	5460	6362	6623	8787	10075	12205
217	1.0	605	1195	1915	2314	2339	2513	2575	4107	5455	5519	5527	6020	6424	6607	7308	7408	7670	8047	8260	8290	8448	8573	8735	9026	9450	9702	9877	9940	10261	10406	10741	11802	11808	11937
218	1.0	684	761	880	2312	2392	2635	3874	4268	4509	4650	4982	5044	6079	6911	8674	8684	8733	8775	9022	10857	11397	12192	12413
219	1.0	651	675	840	1840	2014	2305	2403	2521	2703	2951	3268	3651	4127	4163	4224	4413	4497	5015	5247	5399	5486	5588	5913	6279	6699	7359	7518	7636	7763	7793	8788	9230	9261	9455	9459	9923	10228	10437	10564	11095	11421	11730	12172
220	1.0	223	236	528	724	752	754	968	980	994	1361	1576	1693	1736	2205	2460	2674	2820	2998	3194	3848	3869	4510	4530	4602	4831	5095	5128	5785	6334	6706	6801	6971	7108	7276	7828	7918	8176	8303	8477	8826	8959	9129	9704	9945	10005	10262	10411	10742	10921	11086	11109	11243	11322	11328	11576	11834
221	1.0	2027	3098	3459	3819	6585	7091	7644	8630	9088	10527	10950	11953
222	1.0	1574	1884	2108	2330	2666	3026	3179	3262	3522	3572	3591	3631	4884	4980	5215	5669	5712	5735	5780	5890	6067	6157	6762	7813	8702	8764	8871	9057	9315	9501	10287	10725	10790	10849	11213	11537	11615	12409	12541
223	1.0	151	707	767	769	1932	2032	2464	4961	5232	5681	5902	6354	6496	6736	7155	8164	8238	8850	9109	9835	10329	11077	11178	12399
224	1.0	80	319	806	1344	1406	2039	2306	3062	3136	3284	3460	3477	3583	3650	3940	3999	4817	5736	5751	5959	6251	6725	6775	7161	7270	7901	8534	8544	8672	8977	9095	9107	9337	9391	9855	10009	10306	10590	12254
225	1.0	1455	1982	2743	3844	3942	4094	4928	5702	6809	7748	8800	11008
226	1.0	74	552	632	824	1021	1256	1457	1546	1700	2029	2537	2553	2614	3118	3390	3632	3671	4366	4380	4512	4747	5436	6096	6291	6453	6678	7053	7059	7191	7422	7861	8558	8585	8645	8689	8820	8950	9017	9310	9703	9739	9747	9777	9893	10236	11015	11727	11750	11838	12298	12313
227	1.0	17	33	224	286	341	352	395	524	920	1292	1345	1490	1602	1697	1872	2488	2679	2863	3196	3402	4349	4535	4595	4656	4836	4920	4952	5181	5339	5559	5626	5663	5687	6130	6295	6346	6389	6429	6576	6613	6636	6984	7130	7226	7451	7604	8096	8536	9164	9288	9423	9661	9734	9762	9792	10093	10386	10665	10860	11156	11283	11438	12141	12271	12273	12300	12501	12563
228	1.0	578	790	802	1042	2112	2198	2231	2455	2891	3220	3378	3788	4676	4783	4984	5719	5758	5922	6226	6402	6520	6574	6747	7373	7839	7948	8384	8806	8843	9176	9554	10224	10276	10819	11152	11247	11554	11562	11564	11890	12047	12550	12586
229	1.0	1085	1321	1347	2013	2134	2333	2695	3162	3421	3625	4469	4610	5212	5422	5885	6028	6454	6634	6644	6755	7063	7791	7875	7879	7940	7991	8001	9045	9231	10164	10428	10456	10470	10863	10922	10930	11233	11483	11746	12041	12061	12216	12251	12284
230	1.0	244	695	856	924	2327	2412	3480	4337	4494	4667	4959	5622	5841	6297	6863	9548	9805	9964	10135	10414	10636	11535	11917	12114	12145	12228
231	1.0	31	414	652	665	672	681	723	1356	1592	1668	2593	2819	3076	3180	3623	3664	3693	4141	4203	4239	4256	4305	4533	5091	5187	6053	6227	6235	6447	6471	6583	6810	7069	7119	7127	7250	7714	8171	8345	8356	8741	8818	8966	9021	9171	9429	9487	9519	9522	9886	10011	10107	10199	11200	11352	11452	11569	11827	11839	12502	12504	12520
232	1.0	153	263	498	626	787	860	899	1273	1527	1789	2618	2798	3106	3317	3491	3492	3990	4235	4312	4816	5063	5777	5869	6287	6419	6812	6826	6946	7192	7511	7735	7851	7914	8031	8324	8606	8875	8946	8967	9077	9119	10239	10273	10290	10339	10398	10416	10645	10699	11145	11479	11515	11964	12219	12225	12309	12474
233	1.0	271	361	708	1304	1643	1673	2230	2684	2785	2849	2889	3504	3911	4098	4482	4578	5650	6319	7195	7516	7605	7797	7836	8297	8584	8685	8927	9123	9264	9432	9510	9536	9680	9970	10060	11856	12435
234	1.0	694	862	1337	1425	1558	1651	1768	1891	2085	2500	2906	3384	3483	3823	3828	3864	4218	4243	5290	5750	6377	6514	6777	7133	7384	7771	7946	8292	8517	9287	9795	10315	10387	10853	11228	11720	12250	12523
235	1.0	407	420	1004	1582	1815	2069	2271	2445	2634	2704	3296	3407	3792	4023	4423	4722	4996	5155	5227	5304	5388	5724	6294	6382	6502	6586	6646	6651	6668	6896	6937	6992	7033	7046	7086	7092	7331	7418	8026	8241	8267	8336	9073	9134	9857	10019	10203	10805	10832	11209	11305	11488	12396
236	1.0	265	329	725	773	825	1061	1181	2038	2075	2479	2580	3200	3370	3868	3976	4515	5058	5112	6027	6494	7103	7708	7909	8414	8607	8696	9804	10694	10698	11532	11574	12105	12364
237	1.0	425	614	1231	1408	1803	1861	1938	3182	3323	3533	3628	3786	3802	3807	4682	4866	5008	5269	5635	5722	5834	5914	5919	6408	6832	6857	7106	7561	7978	8092	8229	8541	8869	9110	9712	10981	11023	11578	11627	12004	12230	12282
238	1.0	385	424	718	2041	2825	2876	2946	3004	3064	3405	3568	3944	3970	4428	5398	5684	6431	6466	6497	6685	6964	7520	7534	7903	8651	8721	8742	9248	9403	9420	10217	10308	10595	11171	11455	11584	11901	12567
239	1.0	101	214	646	839	985	1034	1401	1468	1581	2089	2837	2968	3078	3206	3224	3292	3295	3400	3418	3520	3661	3672	3816	3956	4275	4277	4283	4335	4613	4751	4768	4789	4807	5194	5468	5590	5948	5996	6560	6649	6791	6916	7621	7664	7764	7802	8080	8933	8978	8994	8999	9070	9196	9314	9368	9499	9571	9628	9879	10298	10362	10605	10816	10900	11093	11206	11239	11473	11505	11946	12035	12093	12118	12156
240	1.0	516	662	1331	1494	2045	2643	2950	2990	3003	3068	3138	3168	3429	3900	4178	4255	4696	4801	4819	5026	5437	5465	6162	6397	6996	7013	7402	7740	7868	8099	8183	8400	8505	8695	8763	8780	8866	9106	9198	9338	9547	9667	9738	10394	10442	10709	11004	11316	11563	12323
241	1.0	175	415	460	760	1614	2843	3245	3269	3374	3863	4343	4358	4552	4686	4701	4859	5151	5242	5690	5741	6032	7719	7733	8881	9066	9676	9798	9872	9895	9908	10190	10714	11292	11463
242	1.0	458	573	788	1049	1116	1388	1646	1734	1804	1825	1983	2098	2536	2776	2794	3139	3605	3647	3949	4464	4618	5299	5429	5506	5610	5962	6016	6228	6356	6366	6580	6687	6975	7009	7347	7362	7444	7560	7570	7883	8084	9034	9155	9766	10326	10490	10545	11485	11597	11693	12558
243	1.0	72	87	262	322	378	444	448	884	887	1036	1148	1420	1781	1894	2036	2277	2368	2380	2583	2607	2925	3008	3327	3777	4126	4214	4301	4806	5000	5306	5573	5585	5636	5954	5994	5998	6559	6579	6730	6732	7134	7381	7662	7711	7844	8156	8359	8459	8523	8683	8761	8770	9075	9128	9210	9328	9398	9652	9950	10180	10268	10431	10447	11256	11804	11916	12248	12363	12437
244	1.0	10	160	209	1280	1282	1340	1485	1730	2113	2613	3260	3570	3852	4415	5487	6451	6564	6751	7966	8220	8874	9048	9733	9799	10573	10820	10847	11006	11416	11493	11773	11777	12128
245	1.0	217	422	611	1057	1336	1845	2054	2297	2519	2551	2709	2870	2986	3009	3398	3865	3963	4052	4169	4639	4726	4848	4916	4994	5017	5070	5164	5209	5528	5871	6370	6374	6615	6780	6943	7186	7254	7696	7783	7928	8101	8418	9011	9332	9457	9504	9538	9797	9941	10095	10170	10251	10346	10539	10544	10616	10750	10760	10978	10997	11124	11162	11668	11949	12279	12401	12561	12562
246	1.0	348	822	1110	1648	1964	2582	3023	3067	3362	3703	3933	4140	4351	4800	5023	5420	5707	6142	6633	7121	7746	8193	9076	9105	9477	9528	9532	10081	10354	10541	10600	10966	11435	12497	12581
247	1.0	7	1093	1255	1278	1318	1885	2019	2078	2128	2383	2816	3061	3549	3697	3718	4184	4288	4374	4406	5435	5504	5520	5655	5744	6213	6407	6962	7364	7459	7785	7845	8354	8516	8688	9257	10193	10335	10811	10838	10953	11054	11231	11237	11675	11768	11878	12131	12402
248	1.0	132	351	365	479	507	641	1091	1133	1194	1250	1398	2319	2328	2630	2653	2657	3150	3283	3675	4228	4692	4744	4759	5656	6172	6601	6912	6967	7167	7433	7616	7769	8155	8302	8546	8629	8708	9475	9732	9750	10131	10446	10898	11512	11591
249	1.0	939	1081	1139	1652	2236	2246	2520	2662	2772	2954	3110	3198	3303	4226	4493	4652	6171	6849	7002	8017	9434	9716	10296	11678
250	1.0	1724	2307	2345	2779	3165	3217	3314	3857	4109	4566	4753	4899	5129	5136	6477	6989	7647	7667	8246	8637	9492	9936	10112	10198	10282	10684	11165	11954	12163
251	1.0	779	6004	6664
252	1.0	1178	1241	1264	1509	1713	1763	1799	1847	1959	2011	2057	2123	2131	2171	2229	2325	2678	2731	3186	3687	3950	3985	4065	4205	4221	4359	4491	4737	4955	4966	4987	5177	5240	5534	5638	5657	5682	5747	5851	6013	6516	6552	6885	6932	6991	7129	7188	7271	7514	7541	7629	7852	8034	8130	8334	9452	9731	9830	9831	9900	10008	10085	10143	10241	10833	10983	11355	11519	11925	12006	12097	12514
253	1.0	59	118	886	1062	1294	1758	2609	2626	2919	2923	3029	3083	3188	3230	3433	3606	3872	3888	4082	4316	4571	4699	5503	5629	6043	6889	6909	7128	7415	7654	7972	7989	8195	8423	8943	8989	9142	10663	10987	12380
254	1.0	4401	5034	7132	9071	11568
255	1.0	38	702	710	1439	1465	1624	1776	1823	1897	2180	2259	2632	3097	3263	3739	3916	4198	4269	4310	4373	4467	4579	5149	5159	5274	5336	5522	5705	6127	6214	6399	6622	7005	7202	7471	7625	7786	7832	8450	8828	8851	9145	9201	9445	9558	9678	10026	10034	10053	10307	10318	10514	11020	11140	11490	11699	12049	12151	12173	12439	12440	12516	12552
256	1.0	198	1699	1780	1931	1977	2542	3015	3666	3677	3736	4769	7260	7599	7607	10000	10004	10078	11022	11358	11524
257	1.0	1003	9254
258	1.0	487	539	604	1477	1628	1813	1936	2193	2342	2644	3033	3305	3891	4334	4619	4881	4931	5154	5471	5485	5501	5674	5764	5987	6128	6219	6870	7585	7589	7686	8015	8141	8420	9786	10322	10823	11210	11836	11958	11977
259	1.0	30	95	172	182	277	328	1187	1192	1310	1370	1561	1855	2122	2160	3290	3302	3304	3364	3731	3923	3989	4569	4837	5263	5298	5477	5771	6069	6097	6217	6268	6320	6393	6432	6982	7104	7283	7543	7684	8049	8069	8145	8237	8263	8453	8653	8739	8836	9324	9426	9787	10033	10336	11052	11097	11344	11393	11619
260	1.0	105	364	368	2012	2042	2384	2911	4092	4104	4368	4632	5449	5790	6017	6169	6185	6283	6879	7498	7582	7858	8206	8248	8614	9473	9686	9925	9932	9993	10049	10153	10568	11567	12094	12462
261	1.0	168	534	896	2172	2332	3045	4093	4320	4788	5882	6928	8036	8280	8441	8577	8906	8929	8965	9656	10074	11119	11361	11729	11892	11999	12334
262	1.0	1126	1504	1554	1566	1567	1930	3215	3470	3728	3775	4378	4844	6298	6314	7600	7950	9752	10171	11172	11183	11199	11889	12307
263	1.0	154	235	301	877	997	1288	1481	1667	1759	1873	1888	2119	2202	2237	2269	2405	2981	2984	3534	4417	4475	4724	4742	4995	5028	5085	5113	5123	5266	5286	5490	5755	5845	5846	6068	6266	6340	6746	6813	7249	7404	7523	7532	8137	8153	8894	8982	9472	9711	9808	9960	10999	11291	11487	11686	11796	11844	11928	12270	12345	12455
264	1.0	2793	3174	3525	3943	4857	5964	6070	6091	6690	7056	7429	8194	8419	9793	9828	10512	11100	11466	12121	12575
265	1.0	216	834	1144	1332	1555	1735	1965	2223	2512	2616	2706	2775	3120	3439	4253	5343	5562	6369	6803	6843	6963	7084	7146	7819	7897	7944	8569	8626	9018	9594	10052	10292	10314	10706	11655
266	1.0	66	474	502	517	1474	1601	1731	3297	3403	3455	3879	3910	4019	4185	4615	4829	4989	5157	5598	6182	7294	7456	7528	7871	7986	8561	8623	9019	9778	10392	10813	11136	11404	11631	11895	11919	12432	12457	12480
267	1.0	108	247	389	1665	1849	1985	2072	2344	2433	4511	4524	5444	5773	6065	6677	7329	8417	8725	8729	9351	9367	9744	10151	10325	10438	10748	10866	10908	10920	11674	11723	11835	12066	12181	12420	12526
268	1.0	219	333	910	958	1471	1487	1661	1848	1911	1943	2109	2376	2415	2999	3558	3611	3648	3701	4230	4369	4668	4908	5073	5356	5582	5633	5796	5946	6264	6302	6303	6343	6593	6688	6797	7074	7672	8398	8465	9120	9213	9603	9696	9773	10139	10585	10619	10646	10660	10724	10883	11197	11405	12213
269	1.0	163	477	670	742	793	1368	1613	1674	1986	2212	2340	2663	3027	3662	3907	4073	6030	7390	7548	7750	8211	8278	8501	8734	8995	9382	9484	10434	10774	10884	11440	11614	11700	11817	12102	12316
270	1.0	1074	1138	1244	2382	2698	2707	2836	2927	3187	3300	3338	3498	3530	3762	3860	3862	4084	4286	4299	4583	4659	4670	4771	5083	5310	5478	5568	5620	5623	5844	5927	6874	7021	7120	7275	7374	7419	7503	7594	7635	7648	7734	7887	7984	8199	8264	8554	8591	8832	8961	9718	9745	10106	10231	10366	10691	10779	10940	11557	11752	12011	12130	12287	12328
271	1.0	339	376	629	747	1445	1640	2067	2357	2641	3156	3299	4367	4796	5595	5605	5992	6508	6827	6892	8891	9938	10230	10566	11875	11922	12260	12469
272	1.0	15	274	832	1524	1907	2356	2907	2940	3018	3588	4042	4262	5078	5403	5945	6005	6336	6523	7065	7082	9182	9965	10172	10529	11281	11492	12069	12547	12572
273	1.0	473	640	1031	1409	1418	1517	2033	2347	2354	2721	2804	4402	4809	4811	4897	5108	5607	5770	6041	6131	6456	6873	6898	7462	7578	8111	8227	8341	8381	8434	8657	8678	8682	8988	9363	9581	9660	9862	10383	10888	11175	11872	12200	12331
274	1.0	60	180	384	493	743	753	891	1286	1774	2349	2404	2638	2690	2842	2978	3021	3383	3707	3801	3960	4060	4081	4364	4448	5061	5182	5198	5302	5496	5739	6352	6748	6754	7057	7757	7799	8185	8446	8587	8872	8991	9228	9271	9307	9340	10079	10130	10611	10732	10835	11242	11356	11497	12045	12134	12348	12392	12466	12488
275	1.0	170	266	536	601	863	1199	1234	1243	1838	2555	2566	2569	2578	2621	2762	2791	3042	3199	3276	3599	3635	3702	3867	3881	3926	3968	4147	4168	4177	4225	4296	4345	4542	4754	4890	4947	4981	5322	5337	5692	6062	6418	6427	6765	6856	7039	8112	8182	8255	8452	8792	8921	8948	9044	9158	9251	9326	9639	9651	9701	9801	9952	10404	10632	10640	11345	11349	11521	11665	11803	11994	12266	12379	12412
276	1.0	300	870	1044	1767	1939	2251	2429	3189	3812	4499	4633	5185	5394	6757	7917	7952	8121	8163	8335	8564	8594	8786	8842	9534	9638	10462	10509	10727	11640	12090	12226	12519
277	1.0	354	375	783	979	1045	1458	1629	1663	1726	2436	2491	2496	3090	3289	3607	4040	4075	4353	4721	4770	5170	6737	6753	7268	7437	7495	7499	7857	8122	8581	8599	8706	8795	8831	9440	9853	10304	10320	10408	10435	10690	10721	10753	10763	10764	11024	11074	11661	11929	12223	12245	12570
278	1.0	620	975	1063	1082	1106	1360	1410	1538	1623	1709	1836	2401	2824	2882	3151	3348	4009	5217	5280	5700	6438	6444	6561	6693	6819	7266	7382	7428	7912	7964	8313	8317	8893	9049	9121	9735	10272	10469	10572	10604	10738	10846	11341	11501	11573	11806	11812	11857	11876	12077	12375
279	1.0	1032	2007	2299	3890	4575	5820	5821	5899	6012	6665	8115	9381	9914	11420	11749	12008	12051
280	1.0	68	103	984	1246	1387	1688	1967	1971	2061	2082	2910	3235	3247	3517	4017	4078	4276	4416	5013	5222	6033	6224	6460	6554	6741	6956	7336	7417	7878	7885	8218	8378	8472	8726	9431	9621	10083	10460	10831	10842	10923	11130	11161	11706	12104	12187	12484
281	1.0	452	530	633	698	849	882	933	995	1111	1266	1463	1620	1659	1867	1962	2185	2266	2293	2544	2560	2637	2751	3135	3350	3562	3813	3899	4558	4673	5122	5191	5425	5583	5618	5728	6152	7200	7312	7375	7435	8073	8456	8493	8622	9181	9407	9448	9668	9741	9869	9990	10102	10300	10376	10474	10726	10758	10875	10902	11290	11461	11571	11681	11837	11944	12180	12204	12426	12530
282	1.0	225	1559	1644	1995	2901	3082	3725	4545	5192	5204	5975	6154	6250	6440	7633	7850	8094	8810	9884	10498	11392	12147	12153
283	1.0	397	961	1895	1980	2598	3676	4279	4841	4926	5261	5389	6009	6612	6621	6788	7023	7246	7606	7812	8009	8124	8748	8862	9197	9447	9521	9891	10608	11866	11968	11992	12184	12512
284	1.0	162	203	406	1102	1239	1547	1670	1744	1908	2110	2121	2155	2486	3937	5163	5511	5748	6000	6563	6824	6954	7564	7998	8272	10031	10399	10944
285	1.0	347	619	697	855	1415	1573	1579	1616	1664	1691	2015	2047	2540	2833	2926	2939	3036	3127	3755	3759	3854	3959	4016	4292	4648	4856	5184	5446	5499	6468	6544	6750	6893	8432	8680	9342	10126	10680	11045	11106	11108	11142	11285	11408	11444	11643	11653	11927
286	1.0	177	713	1639	1678	1816	2623	2722	3115	3197	3486	3742	3787	3961	4508	4663	5077	5333	5469	5730	7143	7206	7345	7379	7506	7609	7807	7835	8314	8422	8535	8663	9470	9728	10364	10423	10432	10524	10603	10620	10912	11904	12149	12389
287	1.0	519	851	2887	2983	2991	3450	3495	3746	3774	4076	4873	5296	6379	6493	7350	7967	8364	8494	9054	9502	9824	10685	10938	10946	10980	11208	11715	11789	11855	11986	12075	12350
288	1.0	24	526	621	1253	1289	1666	2053	2359	2428	2761	2905	3089	3282	3443	3939	4045	4287	4419	4546	4853	4998	5508	5698	6144	6244	6640	7264	7322	7391	7453	7531	7781	7933	8075	8250	8487	8673	9004	9174	9383	10040	10057	10906	11079	11338	11489	11525	12353	12579
289	1.0	98	164	184	269	304	451	468	599	691	797	836	1173	1196	1607	1737	2203	2425	2437	2467	2629	2782	2895	3053	3237	3240	3281	3509	3767	3987	4182	4439	4750	4863	5002	5030	6123	6257	6415	6557	7068	7300	7602	7603	7924	8372	8839	9040	9537	9727	9937	10067	10113	10543	10797	10973	11652	11775	12052	12368	12383	12449	12476	12496	12557
290	1.0	62	525	912	1147	1411	1550	1647	1718	1770	2107	2472	2552	3272	3656	3784	3866	4103	4188	4443	4773	5018	5239	5365	5369	6234	6328	6417	7307	7726	7792	8011	8213	8305	8596	8924	9014	9518	9743	9913	9974	10525	11539	11540	11718	11973	12021	12067	12233
291	1.0	423	522	634	700	765	1117	1606	1994	2207	2418	2745	2802	2888	2969	3070	3273	3488	3713	3921	4507	4600	4871	5153	5162	5259	5649	5685	5791	6039	6657	6734	6779	6903	8406	8870	8892	9068	9397	9411	10086	10182	10576	10682	10874	11245	11276	11359	11500	11923	12468
292	1.0	61	416	529	1534	2117	3438	4014	4815	5325	5792	6168	6170	9413	10395	11389	12096	12341	12448
293	1.0	32	63	86	109	312	644	950	1056	1424	1495	1585	1672	1902	1922	1944	2001	2136	2148	2331	2367	2497	2498	2526	2589	2672	2718	2908	2924	3134	3361	3368	3508	3595	3884	4143	4154	4199	4284	4620	4678	4691	4713	4729	4864	5066	5203	5414	5418	5621	5694	5726	5761	6203	6365	6855	6955	7115	7150	7219	7412	7480	7537	7888	7969	8289	8299	8331	8407	8576	8598	8877	8907	8987	9050	9097	9099	9175	9186	9284	9377	9560	9577	9664	9775	9957	9971	10038	10165	10232	10244	10310	10480	10518	10613	10672	10723	10765	10818	10840	10905	10989	11297	11464	11481	11710	11736	12165	12312
294	1.0	336	495	527	1161	1852	2625	3432	3815	4563	5753	6339	6459	6825	6957	7028	7163	7508	7510	7827	7931	8189	8217	8566	8771	8897	9618	10021	10178	10196	11351	12222	12539
295	1.0	1482	1812	2921	3101	3720	4539	4705	5145	5507	5808	5903	6949	7035	7213	7916	8380	8411	8998	9090	9954	11211	12037
296	1.0	144	234	944	1403	1844	2217	2427	2511	2987	3047	3072	3250	4662	5006	5348	5983	6073	6854	6969	7287	10341	10445	10752	10894	11123	11599	11660	12329
297	1.0	2	734	1140	1470	1590	1621	2315	2995	3427	3681	3870	4070	4079	4388	4506	4910	5596	5886	6721	6841	7366	7399	7487	7920	7937	7954	7971	8208	8701	9094	9313	9527	10352	10426	10771	10834	10913	11204	11214	11587	11623	11976	12095
298	1.0	5	39	152	158	205	212	251	283	323	344	538	558	608	755	766	776	786	864	934	965	992	998	1070	1108	1200	1257	1258	1358	1374	1427	1501	1519	1653	1702	1748	1757	1772	1787	1835	1912	1973	2055	2115	2288	2324	2373	2393	2414	2430	2444	2670	3145	3155	3225	3236	3255	3310	3311	3336	3394	3442	3461	3466	3476	3521	3598	3621	3708	3726	3735	3861	3914	4007	4128	4160	4242	4274	4293	4313	4365	4409	4433	4435	4495	4516	4534	4599	4612	4687	4706	4709	4733	4785	4900	4906	4948	5027	5079	5092	5102	5137	5169	5463	5497	5521	5566	5612	5654	5711	5816	5884	5943	5997	6066	6116	6129	6134	6262	6551	6609	6666	6720	6739	6776	6868	6869	6930	6939	6945	7036	7095	7126	7140	7217	7236	7337	7396	7470	7533	7575	7628	7634	7712	7738	7747	7756	7810	7822	7902	7943	7994	8014	8024	8038	8051	8065	8131	8161	8226	8287	8346	8358	8373	8402	8444	8504	8580	8603	8650	8661	8705	8797	8864	8930	8941	8942	8947	9001	9008	9009	9031	9063	9080	9189	9255	9289	9304	9464	9503	9556	9561	9591	9595	9627	9657	9659	9694	9770	9858	9972	9995	10017	10082	10128	10159	10255	10391	10451	10522	10531	10557	10628	10712	10759	10854	10861	10932	10949	11088	11112	11168	11185	11201	11269	11348	11390	11431	11433	11462	11517	11589	11596	11616	11672	11745	11851	11854	11912	11955	12111	12123	12199	12297	12330	12377	12408	12491
299	1.0	127	367	971	1149	1305	1400	1732	1837	2009	2396	2581	2656	3202	3287	3793	4013	4688	4732	5039	5697	6274	6512	6611	7029	7579	7806	7973	8076	8936	10367	10378	10500	11257	11350	11429	11601	11902	11943	12356	12532
300	1.0	155	816	1221	1493	2060	2262	2559	2576	3270	3513	4450	5019	5354	5440	5530	6055	6290	6701	6872	7922	7981	9038	9276	9329	10055	10125	10465	11642
