1	1.0	295	1437	2069	2634	3300	3762	5227	5310	5704	7418	7648	8197	8913	9576	10691	10940	11305	11564	12515
2	1.0	409	748	1276	1599	2283	2360	2377	3088	5267	5415	6360	8362	8568	9630	10032	11025	11441	11685	12485
3	1.0	687	1241	1708	1788	1834	1957	2107	2162	2704	3272	3345	3545	3687	4023	5240	5304	5369	5433	5567	5654	6013	6417	6991	7734	8010	8051	8481	8703	9073	9379	9657	9731	9858	10729	10861	11058	11477	11519	11540	12481	12483
4	1.0	36	606	1077	1131	1479	1649	1778	2220	2275	3184	4386	4716	5355	5699	6323	6754	6822	6919	6942	7093	7302	7517	7581	8184	8230	8516	8758	9121	9194	9719	10100	10200	10846	10873	11586	11841	11971	12320	12444	12555
5	1.0	97	318	612	915	1279	1594	1654	1703	1863	2308	2369	2680	2708	2777	2846	3228	3277	3312	3464	4011	4611	4746	5205	5423	6252	6263	6313	6420	6549	6582	6616	6907	6933	7024	7175	7288	7341	7611	7658	7942	7980	8410	9064	9258	9653	9867	10156	10219	10693	10899	10916	10967	11403	11445	12155	12354	12538
6	1.0	212	965	2324	3155	5102	5612	7756	8373	9464	9770	10628
7	1.0	1	735	2116	2188	3096	3576	3749	3799	4020	4241	4484	4649	4698	4797	4892	5258	6994	7045	7058	8200	9619	10979	11952	11995	12015	12452
8	1.0	2770	3624	3705	3915	4348	4350	7371	7841	8296	8513	8642	9072	9987	10216	10331	10486	10686	10868	11238	12540
9	1.0	674	805	911	2452	2694	3185	6769	9103	11418
10	1.0	390	2282	3337	3366	4496	4855	4888	5201	6602	7259	8482	8620	8655	9060	9293	9589	10123	10425	10560	10835	11707	12478
11	1.0	86	312	377	866	1424	1622	1672	2001	2074	2136	2367	2399	2993	3540	3676	4045	4154	4745	5281	5966	6612	6788	7115	7150	7502	8744	8821	9252	9783	9978	10664	11125	11710	11764	11942	12185
12	1.0	45	211	872	1208	1307	1518	2329	2701	2859	3449	3849	4327	5591	5990	6686	6929	8204	8986	9005	11254	11306	11354	12083
13	1.0	114	177	298	646	662	1275	1580	1678	2623	2901	3003	3787	3961	3972	4490	4801	5333	5691	6649	6850	6920	7345	7379	7801	8628	8663	8833	9264	10364	10432	10722	10912	11359	11654	12149
14	1.0	643	732	781	837	1630	1714	2890	2929	4346	4540	4868	5156	5315	5519	6756	7138	7493	7854	8448	8483	8547	9332	9371	9476	9495	9675	10381	10406	10741	10843	11737	11937	12138	12157
15	1.0	227	552	632	774	1838	2029	3390	3431	3982	4022	4205	4383	4491	4637	4872	5198	5220	5377	5489	5543	5814	5933	6776	7053	7233	7461	7907	8118	8471	8492	8921	9611	9747	10457	10705	11247	11302	11497	11750	11768	12263	12514
16	1.0	1087	1349	1497	1642	1705	2928	4478	6681	6745	7460	7739	8433	10090	10562	11144
17	1.0	34	58	417	1762	1963	2549	2789	2875	4237	4879	5858	7547	8387	10213	10643	10871	10903
18	1.0	21	24	89	596	885	2588	2633	2945	3164	3939	5021	5148	5545	6110	7223	7301	8181	8337	8944	9116	9308	9402	9442	9557	10029	10142	10957	11132	11550	11921	12292
19	1.0	422	900	1915	2695	2727	3340	4052	4169	4213	4848	4893	5236	5523	5871	6083	6370	6867	7186	7285	7438	7525	7813	8001	8106	9011	9104	9163	9797	10539	10548	11419	11668	11949	12421
20	1.0	174	1615	2276	2698	2707	2741	2836	3214	3316	3530	3537	4359	4771	5083	6215	6937	7514	8078	8100	8153	8172	8264	8397	8403	8794	8847	9257	9433	9695	9901	9949	10409	10910	11320	11370	11657	12021	12328
21	1.0	1046	1391	2304	3157	5863	6708	6897	8008	8212	8231	8551	9093	9178	10674	11114	12092	12234	12498	12529
22	1.0	277	1192	2784	3544	3989	4164	5278	5425	5477	5680	6380	7104	7504	8069	8237	8351	9424	9927	10909	11052	11468
23	1.0	738	2177	3908	4099	4889	5452	5492	6014	6241	6249	8920	9543	10806	12103
24	1.0	454	693	966	1103	1172	1203	2216	2590	2873	3006	3117	3379	4261	5032	6280	6556	6836	8500	9435	10421	10708	12017	12042
25	1.0	467	1055	1252	1443	1473	1790	2084	2729	3487	3637	3642	4111	4356	4485	4624	4706	4761	4833	4882	5186	5330	5606	5932	5948	5958	5989	6076	6351	7332	7426	7432	8097	9275	9500	9591	9881	10111	10401	10533	10652	10756	11450	12022
26	1.0	46	1797	1810	3436	4151	6338	6714	6901	6993	8762	9609	10867	11913	12158
27	1.0	0	522	572	634	700	765	1422	1543	1606	1631	2418	3275	3426	3586	3921	4871	5230	5685	6039	6181	6299	6305	6605	6903	7590	7638	7695	8032	8406	8757	8813	8870	8892	10086	10745	10874	10907	11053	11134	11166	11369	11500	12189	12236	12468
28	1.0	828	1482	2186	2966	3101	3169	3264	3720	3741	4539	4705	5145	5507	5903	7035	7213	7916	8998	10407	11211	11760	12037
29	1.0	272	321	821	1656	2118	2389	3794	4714	5445	5593	6261	6703	7105	7183	7423	7587	7927	8028	8385	8602	8754	8918	8969	9555	10012	10476	12335
30	1.0	553	1831	3594	3821	4053	4707	7280	7378	8107	8848	8968	9136	9274	9410	9631	9948	9994	10185	10959	11241	11575	11988
31	1.0	81	609	647	1460	1684	2988	3044	3085	3412	3752	3776	3936	5036	5335	5677	6740	7157	8240	8857	10042	10633	10663	11096	12098
32	1.0	25	130	1068	1330	1635	1761	2099	2249	2326	3074	3081	3421	3660	3690	3986	4006	4216	4394	4411	5751	6405	6442	6814	6910	7004	7179	7180	7318	8311	8683	8942	9391	9393	9400	10037	12235	12310	12587
33	1.0	255	1881	1956	2197	2550	3197	3527	3742	4005	5363	5386	5442	5472	5558	6093	6618	7071	7206	7609	9362	9458	9592	9802	10136	10442	10816	10817	11122	11230	11321	11676	12245	12490
34	1.0	15	482	2298	2659	2672	2907	3018	4685	5078	5124	5502	6356	7881	9673	10172	10490	10529	10569	10801	11485
35	1.0	353	1994	2158	2584	2615	2717	3862	4036	4597	5675	5788	5927	6350	6998	7086	7214	7984	8085	9745	9857	9981	10157	10366	11864	12130
36	1.0	27	530	633	849	1463	1787	1989	2185	2266	2293	2560	2637	2751	3899	4673	5618	5728	6152	7435	8073	8456	8493	9448	9869	9990	10102	10726	10758	10875	10902	11681	11837	11944	12180
37	1.0	971	1229	1363	1783	3010	3016	3020	3210	3875	3895	4172	4867	5127	5819	6715	7055	7770	8662	8675	9441	9772	11415	12259
38	1.0	139	142	372	401	628	1380	2381	2736	3434	3603	3699	4252	4293	4646	5104	5273	5583	6792	6829	6927	7475	7727	8562	8707	8865	9361	10177	10844	10997	11821	11935	12281	12322	12425	12440
39	1.0	116	686	884	1078	1545	1728	3458	3809	4106	4387	5381	5766	7238	7239	8108	8343	9456	9550	9670	9918	10688	10915	11180	11510	11520	11647	11677	12416
40	1.0	324	1084	2448	2604	2669	3763	3870	3996	4304	4315	4940	5056	5701	6394	6721	6796	7001	7114	7171	7399	7536	8000	9179	9199	9836	10352	10913	11176	11204	11280	12095
41	1.0	676	1446	1689	2930	3691	4171	6770	6771	7110	7751	8905	9223	9430	12239
42	1.0	480	936	1112	1743	1914	2561	2826	4392	4922	5055	5096	5813	5953	7691	7743	8020	9144	9730	10124	10258	10281	11880
43	1.0	56	709	1183	1541	1796	2003	2044	2290	2608	2916	3514	4914	6738	7420	7522	7637	8443	8490	9364	9446	9582	9755	9811	11056	11579	11823
44	1.0	1312	1639	2103	2386	2817	4012	4113	4148	4508	5393	5678	6210	6404	6475	6676	6704	7143	7632	8080	8127	8209	8466	8535	8746	8760	8823	9599	9606	10402	10599	10859	10896	11033	11083	12123	12197	12389	12578
45	1.0	4143	5414
46	1.0	984	1085	1967	3607	3898	4233	4276	5008	5528	5847	6115	6255	6552	6554	6607	7000	8260	8726	8735	9281	10083	10261	10304	10831	11087	11130	11161	11802
47	1.0	1052	1571	4810	6638	6948	8697	9226	9905	11220	11594	12217	12257
48	1.0	955	1139	1386	1450	1456	1779	2681	3303	3332	3851	3877	4220	4734	4858	4970	5221	5329	5763	6191	6443	8228	8358	8365	8377	9034	9053	9353	10324	10417	10452	10932	11338	11898	11978	12082	12415
49	1.0	1012	1526	1685	1687	1733	2811	3031	3711	4630	4640	4821	5328	5602	5703	5917	6711	7089	7965	9428	10058	10528	11613	11918
50	1.0	1237	1271	2478	2941	3329	3904	4934	5112	5547	7533	8413	8583	9151	9804	9955	11042
51	1.0	59	162	523	1377	1690	2077	2878	3937	5794	6587	7539	8668	9025	9160	10472	11741	11933
52	1.0	6	2037	2125	2394	5930	6317	6785	7225	7639	8146	8717	8808	8837	8932	8957	9358	9841	9864	10161	10815	12461
53	1.0	111	630	1027	1442	1898	2862	2884	4793	5272	6800	7011	7292	7556	8461	10877	11650
54	1.0	1411	2234	2243	2318	2598	2814	2970	3656	3784	3910	4019	4081	4580	4935	4993	5338	5718	5747	6095	6126	6328	6647	6886	7030	7123	7792	8727	10002	10040	10561	10637	10964	11173	11249	11337	11399	11950	12116	12246	12253
55	1.0	793	1695	3027	4181	4641	4697	6030	8787	8897
56	1.0	191	569	616	1051	1125	2586	2705	2949	3920	3999	4302	6112	8632	9322	9337	10022	10784	11551	12403	12513
57	1.0	50	73	840	1137	2305	2421	2951	4368	5399	5486	5807	6279	7359	7636	8788	9230	9459	9923	10513	11911
58	1.0	61	2075	2117	2580	4815	6168	6170	6662	8186	9413	10395	11389	12096	12448
59	1.0	304	471	499	789	1522	1918	2215	2278	2797	3770	4093	4157	4215	4501	4904	5119	5332	5539	5795	6041	6153	6540	7286	7338	8103	8129	8214	8220	8222	8258	8965	10271	11758	12524
60	1.0	201	275	397	548	1157	1198	2520	3211	3223	3596	3674	3767	4731	4880	5006	5020	5180	6049	6728	6752	8068	8280	8739	9209	9389	10024	10065	10629	11529	11782	12582
61	1.0	205	8864
62	1.0	1840	1858	2313	3917	4127	7745	7763	7779	8386	8793	9112	11526
63	1.0	293	740	1070	1188	1220	1265	1429	1484	2965	3965	4091	4397	4483	4835	4938	5178	5286	5357	5490	5578	5614	5628	6212	6217	7047	7140	7218	7447	7575	7596	8182	8329	8661	9227	10072	10176	10557	10814	11062	11168	11174	11235	11595	11652	11664	11955	12252	12377	12491
64	1.0	812	1039	1348	2157	3007	3147	3433	4190	4843	5107	5778	6707	7015	7673	7703	7794	8060	8150	9311	9822	9882	10865	11682	11883	11956	12423
65	1.0	271	361	708	880	1304	1587	1643	1976	2684	2849	2889	3107	3131	3279	3504	3686	3911	4098	4300	4482	5134	5650	6319	6631	7195	7253	7516	7605	8584	8685	9029	9106	9510	9536	9595	9634	9970	10060	10138	10400	10463	11179	11856	12323	12435
66	1.0	393	799	897	1990	2031	2687	2758	2868	4048	4430	5524	5546	6784	7189	7196	7216	7386	7677	8901	9135	9369	9700	9897	11811
67	1.0	757	1050	1297	1626	1803	2443	3229	3550	4762	4862	4929	5101	5947	6084	6216	6457	7398	7890	8588	10379	10403	10648	11023	11212
68	1.0	355	775	1326	1996	2737	3571	4200	4328	4382	4602	4625	5089	5383	8006	8270	8316	8752	9359	10050	10889	11793	11975	12105	12333	12503
69	1.0	1255	2265	2816	3233	3358	3502	3549	5042	5825	6289	7085	8964	9760	10006	10114	10259	10799	11186	11630	12488
70	1.0	244	695	924	2327	4337	4494	4667	5622	6863	9805	10135	10414	10636	11917	12114
71	1.0	102	386	623	1009	1134	2087	2309	3766	3783	4422	4738	5196	5643	6114	6522	7125	7205	7293	7524	7612	8215	8533	8766	9438	9493	9562	9963	10141	10245	10484	10762	11985	12193	12210	12447
72	1.0	942	1389	4412	4828	5736	6725	7270	8756	10009	10306	12254
73	1.0	1506	1942	2759	3836	4260	5149	5689	5705	6430	7005	7363	7385	7622	7953	8621	8677	9169	10318	11327	11391	11739	12173	12325	12338	12439	12516
74	1.0	2017	2387	10030
75	1.0	101	739	1468	1531	1581	3224	3520	4277	4613	4768	4789	5514	6129	6560	6750	6791	7764	7802	7822	8084	8828	8935	8999	9289	9906	10605	10900	11206	11239	11907	12035	12186
76	1.0	3646	10227	11287
77	1.0	348	2582	2778	4784	4800	5023	6722	6773	7876	10081	10966
78	1.0	927	2041	2825	3004	3064	3405	3568	4428	5398	5684	6035	6398	6497	6964	6987	7534	7903	8651	8742	9403	9420	10217	10308	10595	11171	11584	11703	11901
79	1.0	261	546	583	1433	1666	2572	2573	2858	3232	3909	3945	4287	4567	4907	4943	5608	5905	6966	8003	8496	8945	9319	9658	9842	10577	11013	11296	11899	11984	12164
80	1.0	196	307	566	597	1578	1745	1765	2224	2852	3251	3301	3512	3575	3764	3946	4150	4161	4370	4513	4561	4958	5327	5503	5560	5774	5860	6288	6628	7027	7501	8520	8608	8611	8692	8699	8879	9131	9373	9535	10122	10137	10547	10928	11060	11240	11332	11442	11509	11704	11705	12139	12243	12533
81	1.0	155	656	1516	1565	1680	2226	2559	3270	3785	6859	9156	9863	10482	11137
82	1.0	47	147	429	745	1955	4717	4767	4861	5257	6278	6679	7343	7780	8191	8880	9710	9912	10248	11556	11931	12291	12344	12495
83	1.0	331	1226	2146	2301	3140	3153	3492	3718	4547	4991	5181	5687	5857	6295	6600	6632	6636	6905	6962	7075	7192	7222	7246	8056	8536	8915	9573	9821	10740	10783	11028	11438	11850
84	1.0	37	728	1238	1393	2619	3114	3573	3685	4719	5010	5100	5114	5431	5434	5957	7164	7601	7900	8348	11430
85	1.0	446	964	1259	1277	1341	1696	2091	2252	2438	2792	2980	3333	4846	5080	5081	5276	5515	5888	6521	6735	7899	8288	9788	10162	10427	10453	10516	10675	10956	11202	11425	11439	11548	11662	12125
86	1.0	137	157	303	485	1037	1164	2028	2502	3410	4645	5226	5372	5842	7545	7925	8275	8396	8768	9637	10207	10715	11410	11496	11522	12086
87	1.0	388	754	1212	1575	2067	3156	4785	5569	5874	5910	6009	6659	6930	7918	8624	9588	10467	10566	11433	11494	12177	12199
88	1.0	2133	4194	5347	5978	6467	6534	6702	7448	8486	8540	10617	11733
89	1.0	382	427	447	472	515	1001	1190	1387	1464	1618	2192	2284	2651	2822	2832	2855	3641	3831	4317	4942	4955	5062	5099	5409	5495	5496	5568	5577	6273	6717	7199	7220	7248	7478	7580	7652	7826	7960	8542	8574	8587	9228	9385	9451	9757	9792	10321	10661	11116	11216	11353	11461	12023	12101	12134
90	1.0	121	299	841	1300	1552	1611	1882	3531	4121	4146	4321	4621	5360	5603	5829	6055	6137	6187	6290	6531	6667	7224	7395	8484	8625	8805	8867	9042	9083	9390	9514	9854	9969	9991	10481	11026	11049	11244	11666	11792	12106	12249	12522
91	1.0	100	245	521	1676	1795	1952	2080	2182	2336	2388	5760	6795	7037	7431	8340	9579	10588	11035	11299	11385
92	1.0	1047	1375	1794	10104	10340	11085	11310
93	1.0	176	292	549	1088	1171	1338	2048	2167	2541	3222	3250	3414	4024	4039	4779	4795	5035	5052	5320	5512	5808	6422	6643	7184	7287	9463	9715	10294	10369	10473	10917	12069	12329
94	1.0	290	433	932	1206	1310	1753	1981	2738	2746	2795	2914	3049	3496	3536	3979	4207	4361	5298	5715	5754	5916	6005	6007	6200	6333	6918	7065	8371	8845	9047	9709	10145	10242	10945	10995	11086	11709	12476
95	1.0	170	3599	3843	3926	4542	5896	7039	8773	8827	9044	9801	9860	11345	11349	11888	12198
96	1.0	87	365	726	820	1123	1487	1494	1515	1641	1673	1827	1912	2089	2096	2191	2601	3292	3388	3473	3701	3956	4228	4418	4553	4807	5576	5585	5879	6046	6121	6559	7381	7555	7711	8030	8037	8188	8695	8761	9068	9079	9564	9765	10041	10187	10728	10845	10994	11201	11256	11544	12003	12442
97	1.0	1165	1331	1480	2005	2617	4414	4587	4891	5664	5729	6000	6284	6541	7436	7654	7680	7795	9133	10697	11259	12195	12436
98	1.0	109	2548	2747	3122	3508	3750	4284	5290	5418	6092	6344	7352	7617	7649	9157	9175	9312	9623	10765	10925	11297	12183	12560
99	1.0	19	79	497	545	714	1299	1756	2043	2144	2579	3349	3501	3553	3906	4123	4568	4727	5031	5564	5971	6483	7565	8333	8990	10025	10250	10858	11099	12013	12220	12296	12456	12568
100	1.0	869	914	3028	3840	4034	4605	6572	6837	7094	8330	9868	10556	11447	11543	12247
101	1.0	71	465	617	1202	2024	2209	4303	4601	5467	7194	7434	7737	7804	7840	7863	8709	10485	10739	11373
102	1.0	874	1169	2141	3925	4179	4202	4433	5419	5627	5839	6347	6939	7425	8087	9607	9645	9648	9833	11524	12168	12584
103	1.0	78	241	408	857	1428	1472	1717	1749	1814	1819	1949	2081	2250	3057	3203	3552	3652	3654	3664	4695	4974	5301	5408	5509	5517	5806	5872	6861	6899	7060	7109	7149	7380	7623	8327	9164	9471	9506	9689	9785	10239	10246	10405	10494	10607	10621	10746	11007	11193	11671	11728	11828	12059	12273	12302
104	1.0	811	1902	2877	4534	4912	4965	5007	5259	6485	8123	9217	9219	9411	9921	9995	10182	11362	11884
105	1.0	699	1459	5510	5731	6383	6481	6883	7945	8981	9979	12264
106	1.0	62	1147	10073	12366
107	1.0	198	1699	1780	1931	1977	2542	3015	3666	3677	3736	4769	7260	7599	7607	10000	10004	10078	11358
108	1.0	286	1163	1347	2056	2522	2870	2986	3170	3401	4403	4639	4726	5924	6193	6327	6374	6780	6943	7197	7928	8130	8254	8723	8831	8966	9026	9457	9504	9697	9944	10148	10544	10616	10750	11124	12279	12401	12562
109	1.0	1317	4763	11570
110	1.0	221	589	853	1327	1609	1993	2273	2880	3629	4015	4424	4813	5740	5935	6473	6970	7325	7370	7430	7544	8304	8350	8778	9649	10696	10904	11271	11861
111	1.0	85	166	1885	1946	2603	3071	3565	3697	4406	4554	4928	4941	5111	5574	5817	5996	6101	6407	6642	7459	7558	7725	9003	9253	10811	11413	11596	12118	12276
112	1.0	91	247	389	1665	1849	2344	2433	4524	4898	5444	6065	8417	9367	10151	10325	10748	10866	10908	11633	11674	12181
113	1.0	220	1214	1725	2815	4923	4944	5824	6161	6220	6463	7191	7640	7985	9294	10150	11585	12176
114	1.0	595	1311	1735	1965	1985	2677	2748	2775	3000	3309	3584	3667	3740	4027	4119	4149	4212	4253	4278	5451	6789	7084	7483	7944	8569	9221	9587	10052	10175	11380	11655	11724	12301	12464	12551
115	1.0	492	513	1062	1294	1919	2066	2079	2571	2626	2667	2923	3046	3188	3230	3888	4206	5064	5537	5544	5889	6518	6524	6884	7128	7415	8389	8745	8927	9022	9058	10163	10987	11610
116	1.0	705	819	1598	1738	2379	2466	2700	3391	5551	5613	5835	6915	6936	7768	8367	8575	8659	8800	8930	9486	10385	10570	10862	12208	12317
117	1.0	1018	1784	2683	2844	4823	7505	7613	7951	8133	8928	9956	11449	12050
118	1.0	370	411	1610	2206	2288	2489	2620	2938	3019	3350	3404	3839	4773	4777	5049	5672	6324	7975	8416	8476	8631	9172	9397	9856	10687	11040	11742	11799	11939	12170	12371
119	1.0	416	529	1534	2281	2378	3438	3743	4014	4021	4398	4638	5325	5792	8043	8951	9439	12341
120	1.0	149	933	1189	1867	1943	2208	2363	2763	2831	3363	3922	4193	4548	4606	4845	5826	5866	5962	6066	6386	6439	6862	6866	7141	7166	7883	8095	8751	9055	9233	9280	9378	9565	9613	9966	10028	10120	10222	10256	10278	10355	10542	11063	11300	11407	11751	12565
121	1.0	639	899	1080	1721	3261	3293	4136	4251	4588	4596	4792	5188	5464	5769	5954	6482	7261	8023	8285	8601	9113	9699	9950	9989	10711	10731	12573
122	1.0	3320	4608	6663	8151	9629	10555	10584	10890
123	1.0	414	550	1444	1488	1694	1741	2156	2524	2640	3623	3658	4339	5867	6111	6454	6733	7049	7467	7497	7682	8114	8654	8898	9024	10610	10626	11153	11203	11234	11791	11891
124	1.0	11	443	688	937	1010	1071	1128	1660	2735	3574	3710	4238	5915	6977	6995	7376	7898	8926	9396	10770	10795	10984	11126
125	1.0	476	826	1333	2451	2710	2713	3123	3129	3700	3953	4051	4377	4410	4550	6072	6325	7211	7234	7335	7389	7891	8120	8292	8300	8473	8899	9193	9235	9272	9917	10934	10976	11645	12126
126	1.0	961	1895	4279	4841	4926	5389	6621	7606	7812	8009	8748	8862	9197	9521	10608	11866	11968	12184
127	1.0	156	1511	2865	3127	3755	3854	4163	4292	4497	5374	5688	5913	6300	7258	8075	9928	10870	11001
128	1.0	35	231	379	1076	2411	2967	3543	5352	6505	7554	7983	8203	8643	9051	9601	9896	10552	11272	12214
129	1.0	285	577	895	979	1216	1261	1438	1845	1880	2457	2496	3090	3580	6311	6550	8067	8549	10226	10764	11612	11661	12351	12570
130	1.0	504	571	1114	1808	2370	2450	2898	2963	3103	4329	4631	4818	4956	5346	6087	6458	6569	6705	7207	7450	7526	8110	8143	8570	8849	9524	10499	10587	11364	11367	11377	11414	11818	12058
131	1.0	588	758	843	865	1205	1425	1430	2395	2716	3166	3393	3823	4896	5926	6001	6082	6118	9237	9999	10206	12020	12078	12256	12272	12471
132	1.0	123	496	581	587	603	903	1006	1289	2725	3218	3360	3901	4363	5005	5601	5897	6537	6772	6799	8178	9206	9583	9819	10066	11960	12376	12559
133	1.0	283	308	328	697	982	1083	1118	1176	1314	1319	1588	1754	1846	1980	2471	2761	2922	2935	3052	3304	3322	3529	4250	4436	4704	4803	4939	5426	6329	6811	7321	7562	8263	8463	8615	8694	9147	9282	9706	10243	10575	10596	10837	11275	11406	11416	11451	11507	11787	11992	12268	12330	12367
134	1.0	3479	8887
135	1.0	57	1528	1584	3054	3974	4468	4572	5579	9672	9754	9988	12056	12065	12261
136	1.0	506	607	878	916	1322	1513	1843	1929	2022	2058	2714	2756	4025	4118	4191	4244	4336	4562	4711	5016	5349	6103	6392	6906	7177	7316	10345	10665	11938	12349
137	1.0	1032	2299	3890	4575	6012	6665	8115	9124	9381	9914	12051
138	1.0	309	574	1038	1961	2002	2040	2456	2642	3548	3569	3804	3856	4434	4526	4644	4702	4918	5250	5326	6086	6527	7305	7414	7642	7656	7877	9350	9414	9494	9885	9962	10285	10583	10768	10825	11648	12071	12152	12342	12441
139	1.0	464	473	640	1056	1342	1418	1517	2200	2331	2347	2354	2721	2804	3059	3306	3535	4003	4189	4809	4811	4897	4909	5108	5141	5245	5986	6456	6683	6873	6898	7279	7578	8341	8381	8474	8693	8988	9349	9363	9563	9581	9740	9761	9862	10383	11154	11175	11518	11757
140	1.0	1939	1966	2251	3258	4499	6043	7917	8163	8468	8594	8786	10727	12090	12226	12519
141	1.0	547	784	1412	1568	2546	2668	3050	3315	3493	3613	3966	4115	4577	5176	5277	5999	6353	6851	6853	7655	7736	8066	10237	10625	10961	11293	11621
142	1.0	345	544	2860	2942	3055	3130	3344	3499	4581	4594	4651	5443	5848	6201	6240	6597	6713	6778	8002	9469	9838	9942	10211	11019
143	1.0	1368	2415	2871	6449	7473	8053	8361	8501	10434	10855	11251	12001	12385	12544
144	1.0	816	1493	2060	2262	2576	3513	4450	5019	5354	5440	5530	6701	6872	7922	7981	9038	9276	9329	10055	10125	10465	11642
145	1.0	96	2030	2253	4440	4849	5679	6545	7377	7988	8404	10985	11606
146	1.0	1015	1777	2848	3468	4153	4459	5732	6107	6395	6694	6695	7392	7576	8445	9781	10208	10424	10497	11398	11831	12419
147	1.0	184	691	797	920	1119	1196	1872	2425	2467	2504	2913	3196	3402	3896	4158	4188	4535	4595	4829	4837	5002	5179	5438	5663	6257	6389	6415	6984	7068	7226	7304	7451	9288	9518	9537	10016	10263	10503	10797	11156	12067	12501
148	1.0	187	233	306	445	636	977	1155	1409	1847	2068	2289	2365	2592	2974	3268	3539	4010	4280	4331	4591	4598	4876	5786	6301	6306	6363	6666	6925	7098	7100	7126	7729	8004	8072	8939	9127	9261	9277	9301	9834	10082	10430	10564	10669	10802	11095	11374	11476	11966	12408
149	1.0	190	845	1707	2140	2199	3136	3429	3583	3593	3771	3892	4041	4576	4913	5231	5465	5573	5648	5832	7995	8277	8283	8763	8780	9075	9107	9198	9466	9886	10003	10020	10447	10949	11004	11587	12079	12151
150	1.0	649	659	946	1107	1404	1448	1597	1979	3178	3782	4342	4911	5447	5526	9242	9436	9474	9875	10615	11456	12162	12395
151	1.0	219	1194	1250	1986	2319	2328	2630	2657	3265	3283	3675	4744	4759	5251	5946	6912	7124	7167	7616	8155	8514	8629	9475	9750	10131	10898	11112	12102
152	1.0	613	694	1558	2274	2426	2906	3384	3817	3864	4243	5750	5873	6514	7384	7946	8635	8929	9081	9205	9529	9681	10563	11221	11228	11325	11720	12250
153	1.0	339	376	629	747	1445	2357	2641	3299	4367	4796	5595	5605	5992	6508	8891	9938	10230	11875	11922	12469
154	1.0	580	2027	3098	3177	3459	3819	6585	7091	7644	8630	9059	9088	10527	11953
155	1.0	921	1061	1181	3093	3132	3200	4061	4095	4285	5234	5976	7290	7938	8791	9997	10013	10618
156	1.0	1775	3063	3761	3833	4460	6061	6635	7320	9032	9929	10775	11304	12280	12510
157	1.0	131	462	917	1115	1362	1640	3695	5761	5853	5900	6183	6286	6619	6875	7403	7480	8909	9515	9823	11669	11963	12339	12542
158	1.0	1260	1809	2307	2547	4046	4566	5289	5476	5531	5572	5733	7112	7824	8035	8812	9168	10146
159	1.0	144	151	707	1844	2217	3047	4662	5348	5902	6337	7155	9109	9417	10894	11469	12572
160	1.0	1760	11309
161	1.0	1243	1344	2566	3881	4981	6418	6834	7168	8167	9326	10657	12266
162	1.0	6062	12412
163	1.0	1313	1550	1815	2445	3296	3407	4443	4996	5365	5637	5724	6294	6382	6584	6586	6646	6668	6896	6992	7092	7331	8267	10019	10203	10805	11209	11488
164	1.0	239	380	466	511	950	1556	1906	2660	2992	4196	4498	4620	5248	5737	6108	6321	6562	6744	6973	7064	7082	7181	7669	8295	8299	8331	9690	9977	10591	10702	10723	11330	11785	11871	12207	12326
165	1.0	854	1833	1851	2179	3354	4068	4851	5045	5229	5647	6614	6807	6835	7650	7755	8039	8276	8498	9086	9982	9984	10088	10937	11409
166	1.0	426	1890	3559	4582	5041	5341	5746	5849	6270	6384	7269	8713	9998	11859
167	1.0	104	818	1351	1423	1828	2501	2902	3453	3456	3554	4254	5183	5340	5944	6077	7107	8522	9015	10195	12038
168	1.0	33	400	508	1470	2023	2349	2404	2416	2505	2821	3161	3205	3382	3627	3636	4004	4144	4525	5206	5249	5876	6109	6648	7937	8307	8565	8616	8991	9271	9307	9421	9527	9873	9968	10063	10130	10410	11308	11628	11670	11753	11840	11941	12314	12392
169	1.0	743	1075	1086	1509	1637	1742	2670	3625	3758	4114	5159	5422	5538	5885	7427	7742	8558	9045	11400	12061	12251
170	1.0	1508	2829	3266	4289	4590	4799	5068	5412	8376	9125	9132	10388	10681	11163	12569
171	1.0	5079	9902
172	1.0	225	1559	1995	3082	3725	5204	6250	7633	7850	8094	8810	9884	10498	11392	12147	12153
173	1.0	11041	11816
174	1.0	415	1614	2843	3245	3863	4358	4701	4859	5242	5690	5741	6032	7719	9066	9676	9798	9895
175	1.0	991	1024	1432	1596	1998	3417	4074	4219	4352	4802	5275	5540	5789	6140	6425	6510	6904	7722	8257	8687	8789	8910	9523	10471	10521	11697	12107	12398
176	1.0	1335	1562	1900	2525	3216	3673	3773	4381	5190	5950	6166	6372	7790	10822	11094	12410
177	1.0	779	6004	6664
178	1.0	2779	3165	3217	3857	4109	4899	5129	6184	6477	6989	7647	8246	9492	10198	10282	10684	11165	11258	11954	12163
179	1.0	242	768	1079	1549	1740	2270	2461	3615	4272	4354	5441	5565	5938	6462	6934	7698	7962	8139	8162	8332	8415	8479	8543	8784	9185	10704	10841	11150	11843	11882	12321
180	1.0	107	359	536	1191	1366	1711	2334	2530	3252	3702	4345	4741	4760	5057	5337	5616	6023	6106	8407	8652	8895	9023	9480	9845	10229	10826	10972	11521	11708
181	1.0	263	498	736	1273	2104	2618	2715	3225	3291	4235	4449	5037	5063	5854	6287	6812	7172	7851	8216	8606	8875	8967	9650	9663	10398	10699	11145	11873	11876
182	1.0	428	452	584	624	1267	1419	1569	2035	2050	2173	2903	3351	3600	3878	4471	4715	5466	5474	5949	5995	6037	6104	6149	6178	6660	6986	7020	7073	7256	7479	7494	7674	7949	7999	8064	8442	8753	9082	9181	9345	9586	9892	10001	10045	10064	10328	10374	10418	10502	11034	11071	11177	11754	11870	12204	12372
183	1.0	63	484	1617	2126	2497	2526	2755	2924	3649	4077	5300	5371	5535	6368	6823	7537	7592	7788	9097	9577	9971	10244	10458	10518	11481	11932	12450
184	1.0	678	2204	2422	3430	5309	5405	8320	8902	9784
185	1.0	106	1491	1548	1671	2485	2734	2807	3585	3929	3934	5244	5923	6650	6959	7971	8326	9297	10155	10771	11503	12117
186	1.0	1970	2052	2362	3034	3454	3905	4059	4096	4270	5323	5895	7442	7500	7631	7910	7976	8081	8251	8401	8431	8940	9200	9643	9796	10638	10769	10864	11189	11868	12212	12482
187	1.0	926	1520	2983	3475	5235	5296	6519	7557	7968	9502	10459	10685	10829	10938	12075	12154
188	1.0	279	395	505	717	2499	3346	5202	5898	6021	6448	6613	7283	7369	7847	8578	9139	9232	9324	9423	9922	9946	10059	10380	10780	11801	11894
189	1.0	260	1302	2953	3818	4488	4627	5624	5662	6057	6391	7339	8242	10115	11759	11874
190	1.0	346	531	1268	1320	1839	1916	1968	3158	3448	3679	4522	5047	5120	5710	6396	6532	6674	7097	7349	7538	7643	8175	8979	9100	9238	9986	12384
191	1.0	2413	2434	3528	3845	4732	4990	8647	8858	11257	11350	12394
192	1.0	206	655	1215	1544	1746	2692	2723	2771	2841	2866	3032	3190	3371	3387	3694	4125	5033	5090	5720	6435	6951	6985	7067	7102	7610	7626	7709	8173	8660	8886	8983	9170	9343	9497	9742	10349	10526	10598	10992	11075	11217	11253
193	1.0	209	274	832	1282	1524	1650	1907	2356	2613	2940	3260	3570	3588	4042	4573	5403	5945	6336	6523	7306	9182	9674	9799	9965	10847	11281	11492	12547
194	1.0	72	262	322	444	448	887	1148	1420	1781	2019	2277	2380	2583	3327	3777	4126	4301	5306	5636	5994	5998	6579	6730	7844	8179	8359	8459	8770	9328	9398	9652	10093	10180	10431	11804	12363	12437
195	1.0	1455	2743	3844	3942	4094	5702	6809	7748	11008
196	1.0	32	251	385	1059	1069	1679	2149	2585	2689	2728	2769	2908	2954	3336	3466	3521	4137	4295	4391	4402	4413	4518	4948	4998	5092	5274	5621	5812	6134	6373	6551	6575	6609	6661	6840	6955	7337	7712	7747	8014	8289	8712	9080	9546	9664	9775	9848	10165	10264	10759	10854	11038	11182	11185	11589	11644	11736	11743	11745	11872	12553
197	1.0	10	115	458	573	724	1049	1096	1116	1122	1340	1369	1388	1657	1983	2098	2135	2397	2649	3234	3290	3302	3380	3450	3495	3605	3869	3893	3923	3948	4464	5200	5218	5553	5920	5974	6016	6330	6501	6865	7347	7348	8049	8126	8718	8885	9013	9155	9246	9766	9809	10298	10479	10573	10593	10820	10977	11208	11324	11346	11412	11597	11773	11784	11912
198	1.0	294	945	2971	3039	3278	4080	4623	5645	6058	6259	6682	6731	7043	7527	8284	8526	8597	8617	9159	9327	9346	9585	9677	9883	9959	10489	10703	10929	11069	11106	11402	11426	11527	11649	11690	11972	12271
199	1.0	715	776	1427	1894	2597	3066	3069	3551	3561	3591	3887	3967	5214	5416	6231	6858	7979	8165	8618	8934	9409	9972	11717	11909	12355	12480	12487	12493
200	1.0	579	901	1099	1105	1178	1306	1856	2151	2271	2516	2766	2960	3254	3792	4586	4736	5038	5534	6275	6335	6492	6502	6651	6655	6747	7033	7271	7446	7839	8336	9134	9176	9554	9974	10393	10589	10833	11104	11534	11914	12346	12438
201	1.0	4138	4985
202	1.0	804	929	1022	1789	1792	1935	1975	2268	2493	2674	2706	2749	3194	3507	3581	4204	4262	4282	4291	4379	5142	5344	5488	5809	5906	7296	7532	7738	8050	8079	8426	8669	9641	9682	9714	9815	9820	10023	10262	10506	10668	10671	10781	11740	11905	12136
203	1.0	716	1092	2894	2977	3141	3267	3465	4967	5173	5823	6839	7315	7401	7519	7814	8737	8916	8972	9166	10212	12033
204	1.0	317	2535	5262	6071	6341	6536	6926	10793	11190	11887
205	1.0	862	1337	1651	1768	1891	2085	2102	2247	2500	3828	4030	4218	4570	6332	6588	6691	6777	7133	7144	8517	9287	9795	10076	10315	10387	11340	11545	12523
206	1.0	475	1168	1222	2025	2218	2353	2783	3880	4690	4972	6743	8105	9647	9861	10333	10641	12174	12571	12580
207	1.0	203	394	406	1025	1102	1670	1744	1807	1908	2121	2155	2161	2222	3525	3943	4983	5163	5743	5964	6236	6954	7056	7429	7564	8194	9299	10399	10512	10787	11735	12121	12537
208	1.0	3213	6880
209	1.0	154	235	301	877	922	997	1288	1667	1718	1759	1873	1899	2237	2984	3307	3534	3619	3994	4417	4742	4995	5028	5029	5085	5116	5123	5266	6068	6746	6813	7249	7404	7513	7887	8026	8305	8777	8894	9035	9304	9472	9711	9960	10963	10999	11566	11686	11718
210	1.0	161	516	560	839	1481	1486	1602	1855	1868	2240	2616	2643	2981	3053	3138	3168	3189	3271	3617	3812	3900	4028	4049	4335	4475	5074	5087	5845	5846	6162	6266	6700	6757	7299	7523	7943	8581	8681	8997	9278	9734	9738	9828	10422	10509	10736	10851	11129	11146	11347	11748	11844	11928	11965	12156	12382	12455
211	1.0	451	711	1094	1100	1193	1713	1763	1959	2057	2123	2131	2134	2171	2229	2709	2731	3186	3416	3518	3950	4065	4174	4221	4374	4683	4900	4916	4921	4987	4988	5140	5177	5199	5638	5840	5851	6348	6511	6516	6727	6737	6885	6932	7129	7152	7188	7541	7563	7629	7732	7852	8034	8334	9039	9452	9525	9830	9831	9887	9900	10008	10061	10143	10193	10241	10983	11047	11065	11348	11355	11920	11925	12006	12521
212	1.0	49	94	500	525	912	1014	1647	1720	1770	2000	2093	2514	2552	3522	4103	5018	5022	5555	5659	5822	5904	5911	6465	7726	7957	8011	8213	8475	8528	8822	8854	8924	8938	8980	9014	9496	9743	9840	9913	10067	10327	10525	11277	11531	11680	11973	12097	12396
213	1.0	67	368	1536	2092	2439	3239	3555	5833	6155	6158	6169	6283	9270	9473	9686	9746	9925	10286	10887	11101	11638	11719
214	1.0	9	268	1209	2740	5237	7477	7567	8424	8804	8970	9698	9721	9847	10169	10209	10270	10710	11188	11618	11805	12340	12548
215	1.0	3248	3924	4001	4752	5891	6207	6307	8480	8772	9545	10210	12024
216	1.0	431	459	1877	2006	2346	2417	2724	3106	3159	3688	3739	4026	4116	4389	4429	4951	5311	5384	6010	6742	7202	7409	7491	7624	8031	8116	8319	8691	8809	8904	10197	10390	10444	10624	10876	11037	11266	11617	12146
217	1.0	316	374	1590	2086	2145	2459	2937	3030	4070	4388	4543	5117	5596	5886	6641	6817	6864	7761	8022	8136	8208	8523	8701	9062	9313	9437	9522	9533	9602	9909	10426	11936	11976
218	1.0	217	611	2297	2400	2551	2857	3009	3398	3963	4994	5017	6627	7407	8018	8418	9941	10095	10267	10565	10760	10978	12561
219	1.0	360	931	1830	2355	2446	2830	3622	3855	4964	5918	7323	7354	7771	7869	10488	11111	11411	11691	12036	12315	12454
220	1.0	2338	3154	3362	5420	7240	8207	8749	8755	9303	9532	10792	11298
221	1.0	281	621	622	1281	1416	2351	3754	3971	4058	4432	6242	6830	7151	7488	7551	8247	9779	9818	9870	10098	10735	11061	11082	11774
222	1.0	762	1233	1492	7153	7361	7383	7776	9736	10015	10202
223	1.0	6042	8853
224	1.0	336	1161	1852	3432	3815	4563	6188	6339	6459	6825	6957	7028	7163	7508	7510	7827	7931	8189	8217	8566	8771	9618	10021	11351	12222
225	1.0	2893	6282
226	1.0	591	627	1058	1170	1800	1870	1974	2291	2472	3048	4514	5358	5366	5721	5981	6052	6117	6406	6573	6574	6842	6882	7274	8063	8437	8596	8819	8917	9153	9771	10558	10614	10662	12039	12166	12288
227	1.0	822	1110	1648	1964	3023	3067	3703	3933	4140	4351	5707	6633	7007	7121	7746	8193	9076	9105	9477	9528	10354	10541	10600	11435	12497	12581
228	1.0	823	1247	1436	1634	2358	2475	2958	3396	3452	3709	4100	5394	5417	5586	5640	6167	6581	6689	6709	7243	7355	7935	8776	9640	9800	10080	10798	11982	12347
229	1.0	31	652	665	672	681	785	1143	1592	2311	2593	3076	3693	3973	4141	4203	4239	4256	4617	5187	5827	6202	6235	6471	6583	6675	6810	7069	7127	7250	7714	8345	8356	8504	8741	8818	9021	9171	9429	9487	9644	10011	10199	10996	11200	11352	11827	11846	12502	12504
230	1.0	602	813	2867	2948	4271	4308	5497	6080	6568	7902	10099	11431	11459	11849	12072
231	1.0	741	909	1298	1308	1390	1879	2020	2132	2711	2818	3435	4064	4309	4322	4476	5481	5836	5878	7158	7257	7661	7759	8198	8282	9454	9705	10140	10334	10730	11605	12112
232	1.0	122	730	972	1841	2187	2886	3542	3604	3610	4139	4772	5803	6186	6229	7012	7620	8425	8559	8603	8785	8817	9212	9215	9612	9894	9976	10121	11624	11819	11993	12388
233	1.0	258	2768	2793	3313	4396	4487	6070	7535	8347	8958	9793	10010	10384	11862	11969
234	1.0	1451	3321	3744	3886	4102	4245	6024	6143	6416	6787	7070	7088	7865	8638	8807	9646	11263	11523	11626	12494
235	1.0	335	514	829	1356	1668	1904	1940	2165	3180	3747	4305	4551	4919	6310	8170	8503	8521	11227	11839	12520
236	1.0	256	996	1254	1461	1603	1604	1683	2119	2419	2744	2915	4069	4441	4724	4883	4901	5113	5693	5893	6150	7017	7294	7831	8121	8137	8982	9693	9808	10744	10951	11796	12345	12477
237	1.0	6831	8769
238	1.0	311	343	1175	1457	1700	2553	3102	3195	4555	4747	6445	6453	6499	6968	7051	7273	7422	7811	8458	9092	9703	9739	10330	10622	10761	11015	11727	11815	12283	12298
239	1.0	314	957	2523	3025	3445	4097	5004	5132	5293	5308	5666	6277	7178	8710	9290	9295	10223	10683	10975	11018	12465
240	1.0	82	150	357	1034	1357	1434	2286	2801	2840	2879	3191	3253	3399	3490	3779	4071	4120	5175	5256	5563	5801	5838	5909	6366	7227	7651	8235	8281	8293	8512	8619	8782	9724	9794	9903	9931	10129	10450	10510	10534	10554	10955	11232	11405	11423	12142	12196
241	1.0	128	141	648	3160	4105	4743	5118	5494	6357	7083	7208	9341	10990	11073	11454
242	1.0	5830	6871
243	1.0	65	625	1658	1704	4159	6828	7230	9089	10275	11372
244	1.0	230	1495	2498	4376	8227	8243	8676	8678	8877	8908	9309	9598	10507	10888	11284	12200
245	1.0	134	556	3175	3991	4307	5557	5952	6163	6364	6428	7044	7176	7666	7803	7823	8315	9807	10359	10496	10848	10878	10993	11192	11383
246	1.0	2529	3341	4210	5518
247	1.0	4347	10311
248	1.0	4401	5034	7132	9071	11568
249	1.0	483	1218	1938	2605	3532	3734	3786	3984	4360	4537	5305	5834	6408	8171	9150	10036	11781
250	1.0	248	424	559	2412	3043	3148	3288	3944	4703	5072	6685	7169	7569	9548	9964	11997	12145	12191	12228	12311
251	1.0	167	349	1141	1824	3176	3668	4112	5014	8169	8244	8355	8841	10087	11268	11484	11897	12358	12360
252	1.0	218	1853	1859	3149	3462	4167	4527	4874	5216	5850	5939	6484	6891	7193	8816	9256	10070	11478	12081
253	1.0	1097	9016
254	1.0	437	601	1033	1969	2169	2267	2555	2569	3142	3285	3957	4225	4559	6054	7101	8112	8301	8743	8936	9146	9251	9651	9791	9935	11770	12327
255	1.0	863	3276
256	1.0	236	296	528	752	980	1361	1576	1693	1736	2018	2205	2460	3389	3848	4798	4831	5071	5095	5785	6146	6205	6591	6801	7090	7162	7276	7368	7705	7966	8303	8826	8959	9129	9704	9945	10005	10240	10342	10411	11243	11322	11365	11572	11771	11834	12030	12143
257	1.0	83	153	172	412	518	847	1224	2210	2227	2696	2943	3084	3308	3428	3670	4108	4516	4657	5239	5407	5667	5738	5755	6031	7076	7215	7767	8266	8586	8610	8682	9048	9189	9660	9787	10336	10695	11215	11366	11390	11460	11679	12064	12479
258	1.0	344	3394	3470	3728	4599	4844	5169	5711	6298	6314	6739	7600	7810	7994	8650	9001	9503	11183
259	1.0	51	410	1301	2051	3657	4142	4504	4517	6684	8992	9285	9876	10302	10377	10879	11528	11951
260	1.0	333	469	561	958	1661	1848	1911	2376	2985	2999	3558	3611	4230	4369	4371	4643	4668	5356	5582	5696	5796	6303	6343	7074	7672	7701	7721	8398	9213	9696	9773	10139	10619	11197	12213
261	1.0	1417	1499	1510	1910	2435	3113	4665	5260	6018	6038	7061	8279	9262	9384	9829	10048	10523	10655	11003	11376	11465
262	1.0	767	1932	2032	2464	4618	4961	5232	5681	6354	6496	6736	8164	8238	8850	9835	10329	11077	11178	12399
263	1.0	1195	2339	2513	2575	4107	4917	5455	5527	5875	6020	6424	6426	6763	7408	7670	8140	8573	9030	9450	9940	11746
264	1.0	362	626	3491	4511	6941	7329	7906	8729	10290
265	1.0	215	1992	2612	3343	3638	5375	5993	6610	11270
266	1.0	92	254	1023	4902	4937	6491	6539	6645	6749	7079	7400	7586	7716	9052	11472	12109
267	1.0	795	1158	1621	2315	2507	2925	3056	3227	4079	4214	4506	4647	4806	4910	6011	6022	6025	6160	6222	6567	6838	6841	7630	7954	8099	8506	8605	8720	9187	9616	9625	10778	11167	11236	12294
268	1.0	383	782	1383	1395	1441	2101	2364	2449	2719	3238	3643	3838	4124	4603	4776	4804	6159	6271	6331	6594	6895	8102	9111	9141	9810	10540	10893	11036	11303	11323	12336	12390
269	1.0	902	1785	2887	2991	3746	6764	9824	10678	10713	10980	11715	12350
270	1.0	1462	6378
271	1.0	759	998	1126	1504	1554	1566	1567	1653	1682	1930	3215	3355	3587	3775	4378	7131	7156	7950	9752	9826	10171	11172	11199	11889	11934	12111	12307
272	1.0	570	1167	1287	2409	2699	3440	4355	4372	4780	5793	7278	10293	10991	11089	11160	11252
273	1.0	175	460	2444	3269	3374	4343	4686	4790	5151	6494	6680	6726	6758	6869	7909	10201	10522	10714	11463	11602
274	1.0	267	620	1063	1360	1414	1623	1888	2454	3207	4246	5280	7145	7307	7382	7428	7462	8025	8598	8644	9632	10391	10413	10469	10572	11501	11539	11573	11580	12233	12293
275	1.0	692	873	1154	2230	3060	4486	5088	5513	6342	6802	7397	7466	8249	8265	8297	8342	8931	9316	9866	11224	11434	11639
276	1.0	1004	1582	5155	5388	5719	6520	7367	8241	8384
277	1.0	18	326	392	1316	2176	2458	2962	3077	3847	4869	5246	5600	5887	8044	8291	8759	9357	12133	12209	12443	12500
278	1.0	1081	2236	2246	2662	2772	3198	4226	4493	6849	7002	9434	9716	10296	11678
279	1.0	337	534	956	959	1007	1129	1180	2062	2172	2332	2834	2944	3698	3738	4156	4294	4320	5225	5345	5768	5810	5937	6400	6423	6487	6928	7048	7201	7413	7932	8036	8577	8890	9087	9590	9593	9656	9813	9871	10074	10464	10574	10733	11032	11119	11696	11729	11732	11892	11962	12073	12334
280	1.0	66	178	509	1090	1731	1739	1866	2648	3403	3879	4615	4986	4989	5598	5735	6081	6105	6182	6654	6762	7456	7528	7591	8119	8537	8561	8825	9019	9501	10117	10392	11059	11136	11213	11582	11631	11919	12432	12457
281	1.0	234	944	1403	2427	2511	2987	3072	5174	5983	6073	6854	6969	8221	8557	10341	10445	10630	10752	11123	11599	11660
282	1.0	80	319	987	1339	1385	1406	1801	2039	2153	2568	2786	3940	6819	9273	10127	10317	10707	10971	11326	11779	12110
283	1.0	2885	9505
284	1.0	136	310	402	861	989	2228	2979	3143	3226	3696	4659	4949	5482	5549	5843	5844	6798	7136	7309	7327	7566	7760	7808	8357	8554	8704	8781	9108	9202	9567	9926	10361	10578	10819	11012	11084	11289	11333	11687	11765	11820	11900
285	1.0	660	2196	2423	2531	2563	3415	3515	3519	3626	3813	4500	4757	4936	5122	5458	5979	6003	6260	6629	6913	7174	7242	7300	7313	7752	7799	8125	8236	8390	8457	8470	8667	9300	9615	9725	10062	10312	10368	10535	10631	10794	10804	11051	11604	11794	12074
286	1.0	14	756	778	1345	1591	1962	1997	2137	2607	3008	3121	3425	3500	3523	3562	3985	4558	4733	4830	4842	5520	5630	6006	7312	7375	7455	7798	7855	8633	8868	9899	10279	10343	10376	10386	10439	10474	10580	12016	12244
287	1.0	48	690	815	1832	1862	2610	3411	3949	4426	4840	5610	5865	6580	6706	7469	7560	7598	9090	9192	10225	10609	10946
288	1.0	28	278	689	1392	3717	3876	4258	4634	5797	5818	6479	6690	7281	8711	9065	11107	11371	12140
289	1.0	618	1645	2233	2235	3094	3640	3791	3951	4055	4681	5046	5500	5556	5734	6464	6480	7550	8223	8286	8428	8799	9839	10096	10852	10943	12089	12274	12418
290	1.0	226	305	439	2752	3811	3912	5782	6624	7862	8427	8529	10840	11246	11265	11417	11634	12218	12545
291	1.0	17	1535	1716	1774	2070	2248	2556	2861	3781	4135	5125	5167	5312	5642	6626	6670	7034	7328	7837	7861	8187	8984	9267	9334	9412	10116	10649	10809	11030	11363	11698	12031	12554
292	1.0	118	1005	1467	1978	2609	2919	3029	3068	3087	3424	4082	4316	6889	6909	7019	7507	7688	7740	7777	7972	8419	8943	9142	9667	11031	11147
293	1.0	844	1228	1379	1512	2088	2110	2517	3242	3669	3797	4175	4781	4786	7241	7870	7886	7915	8308	9580	9753	10441	11458	11853
294	1.0	99	185	421	539	719	836	1737	1747	1755	1972	2036	2202	2368	2644	2808	3397	3474	3602	3822	3834	3846	4155	4249	4257	4442	4564	4656	5130	5253	5533	5550	5554	5855	5969	5987	6128	6154	6315	6340	6429	6870	7678	7692	7849	8007	8015	8141	8156	8391	8589	8740	8878	9244	9286	9323	9366	9665	9707	9727	9756	9790	9803	10044	10089	10265	10389	10419	10642	10839	11608	11836	11940	12387
295	1.0	23	120	204	338	770	1352	1586	3590	3962	5012	5421	5714	5907	6098	6692	6782	7657	9184	9814	10974	11131	11532
296	1.0	441	1065	1669	1766	2490	2494	2594	5402	5432	6452	6608	6821	8160	8636	9741	10372	10550	11772
297	1.0	282	683	3947	4145	4332	5197	5339	5559	6434	6437	7314	7410	9624	9762	9769	10094	10144	10356	10397	11000	11375	11499	11903	12068
298	1.0	158	1089	2340	3482	3976	4248	4728	6264	6515	7694	8444	8465	8572	8612	10149	10724	10766	10891	11448	11659
299	1.0	519	558	851	3317	3774	4076	4312	4816	4873	6379	7584	7735	8364	9077	9119	10273	10416	11479	11809	11964	12225	12309	12474
300	1.0	713	993	1101	1324	1401	1758	1816	3359	3400	5342	8195	8353	8423	8989	9628	11807	12135	12380
301	1.0	12	265	329	725	773	825	2038	2479	3167	3370	3712	3858	3868	5058	5413	6027	6971	7103	7708	8414	8607	8696	10190	10291	10694	10698	10742	11328	11574	12364
302	1.0	487	2072	5131	5485	5773	6051	7589	8725	9351	10920
303	1.0	830	2053	2106	2503	3124	3282	3443	3653	3692	5493	5508	6285	6500	7322	7904	8487	8673	9383	10057	10119	10886	11005	11079	11317	11525	11726	11797	12353
304	1.0	684	761	2312	2392	2635	3874	4268	4509	4650	4982	6079	6911	8674	8684	8775	10363	10857	11397
305	1.0	1091	1325	2294	2813	2904	4502	4604	4692	5656	5742	6847	7031	7769	8708	8993	9467	10511	12113
306	1.0	270	585	2064	2076	2570	2745	2851	3347	3732	6577	6978	8736	8814	9572	10895	11138	11504	12527
307	1.0	266	644	1199	1234	2578	2762	2791	3042	3199	3469	3635	3867	3884	3968	4147	4177	4296	4754	4947	5066	5322	6427	6718	6765	6856	8792	8948	9701	9806	9952	10632	10640	11663	11665	11910	12379
308	1.0	3062	3650	6775	7161	8534	8672	8977
309	1.0	831	2410	3541	6309	7137	7298	8392	9386
310	1.0	249	252	1382	2760	5757	5805	5881	5942	6120	7930	8086	8370	8730	9069	9339	10295	10396	10567	10719	11307	11506	11712	12507	12534
311	1.0	330	488	533	848	875	1030	1296	2129	2303	2482	2799	2872	3183	3538	3958	4209	5150	5241	5367	5459	5749	5772	6478	6673	6804	7025	7482	7546	7646	7820	8310	8798	9626	9893	9985	10627	11381	11565	11635	12129	12365	12373	12486
312	1.0	373	610	1431	1802	2483	2567	2897	3409	4088	4314	4420	5480	5799	7874	8339	8394	9763	11384	11783
313	1.0	127	1149	1291	1400	1837	2581	2656	3793	3935	4592	6189	6512	6611	6979	7029	7154	7579	7806	8937	9890	10367	11902	11943	12532
314	1.0	3483	3598
315	1.0	340	856	1371	2183	2774	3564	4969	5406	5448	6090	6535	8269	9768	11535	11592
316	1.0	763	2083	2781	5270	5800	6719	8083	10103	11386	12446
317	1.0	3	229	594	668	883	888	1213	1249	1570	1999	2300	2480	3423	3706	4044	4170	4298	4708	5991	6197	6938	7032	7346	7529	7723	7905	8639	8646	8838	9203	9352	9444	9713	9789	9812	9837	9843	10348	10508	11278	11658	11711	12536
318	1.0	276	963	1067	1274	1655	1860	3489	3645	3841	3894	5454	5862	6376	6944	7317	7394	7956	8033	8168	9148	9195	9225	9604	10553	10773	11689	11814	12014	12231
319	1.0	755	1159	1402	1529	1887	3192	4546	4853	5951	6542	7072	7264	7700	7749	7789	8873	8914	9266	9511	10532	10824	10919	11092	11590	11688	11721
320	1.0	1925	2127	2175	2440	2661	4072	5121	5192	5368	9007
321	1.0	222	541	1842	2671	2900	2920	3144	4684	4710	4774	4950	5292	5450	5470	5542	5880	5960	6361	6472	7765	7936	7955	8029	8052	9114	9122	10639	11264	11301	11800	11847	12370
322	1.0	289	1109	10594
323	1.0	712	794	1153	1397	1563	1726	2026	2732	4306	4458	6729	6888	7720	7913	8070	8690	9432	9849	10313	10700	10927	11983	12201	12290
324	1.0	38	806	1113	1230	1624	2004	2306	2534	3284	3460	3477	3497	4198	4700	4817	5959	6251	6308	6507	7540	7573	8159	8469	8524	8544	8953	9095	9855	9898	10034	11603	11886	12171	12459
325	1.0	138	463	474	517	701	1323	1474	1601	1677	1892	2105	2810	3297	3455	3510	4185	4470	4906	5921	6099	6543	7860	7871	7986	7992	9404	9778	10451	10634	10718	10747	10813	10958	11404	11432	11734
326	1.0	1585	1944	3134	3368	3595	9957	10549
327	1.0	2787	4223	4556	6844	6846	7147	7203	9138	9919	11255	11684
328	1.0	1174	1227	1876	3073	4183	4338	4749	4933	6267	6297	8700	9620	9662	9688	11470	11848	12543
329	1.0	224	524	1187	1207	1748	1973	2049	2828	3092	3281	3987	4199	4569	4660	4750	4887	5157	5726	5752	6135	6401	6506	7291	7330	7454	7662	8142	8453	8623	8634	8666	8702	8987	9388	9426	9661	10038	10360	10468	10788	11120	11158	11314	11334	11393	12046	12496	12512
330	1.0	54	810	1612	2100	2152	3902	4344	5580	5639	5762	6493	7311	7659	7667	8494	9461	9825	9980	11288	11319	11581	12010	12124	12237
331	1.0	842	1041	1530	1805	2611	3737	3837	4130	4318	5376	5717	5856	5877	6019	6156	6218	7135	7577	7758	8128	8449	8686	9137	9355	9551	9633	9692	9764	9910	10027	10196	10466	10968	11744	11810	12258	12357	12431
332	1.0	4	1011	1613	2645	2767	3298	4007	4129	4438	4664	5775	6142	6225	6923	7289	7360	7710	8298	9126	9680	10168	10755
333	1.0	1013	1396	1519	2214	2373	2994	3442	3609	3708	3727	4399	4474	4480	5009	5195	5816	5928	6262	6852	7099	7217	7486	7489	8580	9669	11979	12566
334	1.0	22	1151	2664	2946	2997	3480	3970	4531	4822	5397	5841	6902	7303	7440	7520	9248	10440	11455	11474
335	1.0	746	824	833	1166	1987	2054	2314	2519	2537	2595	3118	3330	3578	3632	3671	3748	4152	4380	4832	5013	5069	5070	6036	6064	6096	6224	6291	6603	6615	6678	7041	7087	7696	7702	8256	8378	8421	8454	8689	8950	9017	9310	9655	9777	9877	10007	10170	10236	10460	11357	11446	11502	11673	11763	12284	12378	12511
336	1.0	98	988	1266	1659	1799	2011	2264	2269	2845	3135	3780	4182	4375	5164	6144	6557	6606	6753	7038	7200	7832	7880	8233	9407	9668	10346	10973	11290	11571	12270	12426	12530
337	1.0	968	994	2820	2998	4530	5128	6334	7108	7828	8477	11576	11636
338	1.0	358	973	1054	2045	2685	2950	2990	3174	3566	3873	3938	4178	4255	5000	5026	5437	5597	5658	5665	5975	6397	7013	7402	7715	7868	8183	8232	8400	8505	8866	9338	9483	10268	10394	10579	11316	11569
339	1.0	179	537	1098	1500	3035	3516	3680	3714	3998	4658	6630	6656	7923	8135	8245	8383	8732	8973	9375	9399	9416	9776	10653	11157	12255
340	1.0	679	3108	3280	3503	3931	5219	5985	6063	6074	6546	6974	8013	8210	11184	11387
341	1.0	280	970	1029	1454	1553	1724	2239	2345	2407	2869	3314	3408	4775	4927	4960	5136	5771	6192	6268	6548	6887	7221	7597	8366	8510	8637	9936	10112	11331	12026
342	1.0	145	1751	2539	2765	3181	3294	3719	4087	4236	6044	6818	6947	7641	7653	8360	8538	8790	9056	9470	10882	11273	12269
343	1.0	93	520	943	1514	1769	2142	2509	2675	2812	3173	3830	3883	4791	4930	5594	5668	6265	6272	6960	7023	7232	7697	8054	8560	8664	8731	8830	8863	8996	9578	10188	10635	11039	11219	11513	11713	12137
344	1.0	186	941	999	1053	2484	3221	3395	4495	4782	4973	6194	7969	8104	10269	11908	12007	12337	12563
345	1.0	1186	1698	1821	3058	4461	5307	6833	8919	9531	10186	10601	12028	12304
346	1.0	562	764	967	1106	1410	1527	1709	1836	2016	2385	2726	2824	2882	2969	3151	3348	4544	5261	5607	5700	5770	6438	6444	6561	7266	7353	7866	8317	8434	8460	8657	9372	9509	9735	10604	10738	11806	12077	12318	12375
347	1.0	783	3885	4066	4353	5170	8499	8869	10108	10650	12230
348	1.0	42	327	638	704	1750	2788	3041	3753	4452	4454	5283	5382	5587	5912	5965	6410	6412	6924	7707	7842	8321	9028	9091	9259	9269	9465	9758	10358	10676	10785	11187	11428	11795
349	1.0	68	148	287	490	1040	1236	2082	2495	3220	3376	4722	5359	6226	6595	6999	7139	7336	8016	8166	9405	9431	9596	9621	10215	10515	10586	10832	11002	11055	11102	12085	12550
350	1.0	788	1257	1734	1804	2753	2972	3647	4393	5158	5299	5475	5506	6206	6228	6687	6975	7008	7362	7679	7699	10326	10455	10571	11646	12473	12558
351	1.0	129	366	1217	1248	3681	4735	4945	5076	5139	5318	5716	5988	6208	6385	6816	7050	7487	7542	8855	9020	10051	10147	10297	10834	10880	11076	11139	11274	12306	12369	12400	12475	12506
352	1.0	407	802	1042	2231	2891	3788	4423	4676	4783	4984	5758	6033	6402	7046	7948	8806	8843	10224	10276	11152	11562	11890	12047	12586
353	1.0	117	246	1636	1941	3825	4444	5223	5380	5483	7334	7387	7608	9115	10941	12278
354	1.0	44	84	387	391	434	750	1073	1253	1525	2124	2287	2316	2391	2631	2636	2905	3478	3827	4326	4679	5400	5698	6495	6598	7800	7830	7977	9117	9145	9216	9321	9370	9636	10551	10606	10659	10892	10936	11424	12295
355	1.0	654	1764	2111	2195	2676	3152	4086	4505	5144	5617	5671	7062	7441	7593	7997	8046	8154	9996	10084	10623	10850	11194	12499
356	1.0	814	1121	1692	2465	2754	2952	3547	3689	3723	4131	4281	4519	4626	5193	5646	6528	7066	7574	7683	8488	8502	8774	9229	9354	10257	10965	11833
357	1.0	1315	3065	3814	3882	4678	4689	5631	6876	8949	10238	10673	12088	12277	12312
358	1.0	238	363	432	578	777	801	827	906	1381	1793	1820	1896	2431	2468	2527	3457	4063	4680	4895	4932	5166	5571	6199	6848	6997	7040	7295	7816	8058	8375	8507	8518	8600	8715	9067	9597	9610	10679	10872	11067	11475	11598	11766	12002	12227	12229	12574	12576
359	1.0	194	418	661	807	1162	2143	2258	4492	5901	6247	6253	6972	10179	10918	11017
360	1.0	193	582	1184	1782	2213	2337	2883	3219	3241	3683	4636	4712	5160	5303	5484	6256	6617	7996	8091	8158	9041	9078	10901	11315	11790	11860
361	1.0	291	723	850	1156	1177	1336	1346	2532	2819	3798	3806	4176	4195	5050	5091	5224	5391	6312	6652	6669	6760	6900	7119	7762	8047	8152	8290	8409	9635	9687	10018	10581	11261	11452
362	1.0	41	593	898	1145	1210	1219	1447	1560	2180	2361	3097	3446	3524	3889	4089	4310	4881	5317	5501	5674	5831	6045	7585	7625	7645	7911	8851	9250	9482	9584	9666	10234	10491	10582	10670	12190	12552
363	1.0	356	1146	1407	1583	3733	3995	4894	5165	5430	5868	6102	7782	7961	8134	8271	8395	8412	8550	8665	8911	8955	9530	9685	10252	10277	12332	12489
364	1.0	7	1093	1278	1318	2078	2128	3061	4184	4288	5435	5504	5655	5744	6213	7364	7785	7845	8354	8688	10249	10335	10782	10838	10953	11054	11675	11878	12131	12402
365	1.0	135	140	146	313	737	1701	1722	1869	2302	3325	3772	3805	3955	4043	4325	6136	6204	6233	6855	7490	7728	7939	8956	8971	9387	10284	10436	12517
366	1.0	297	720	1136	1627	2097	2658	2955	3002	3444	4047	4915	5759	7187	7219	7474	7892	8656	8658	9911	10173	10357	10830	10905	11098	11226	11542	11989	12115	12238	12393	12451
367	1.0	1577	1901	2008	4330	4635	5115	5291	6015	6983	8138	8539	8925	9190	9878	10118	10337	10536	11148	12232	12361
368	1.0	852	949	2090	2181	3678	4407	4992	7665	8318	9118	11547	11622	11867	12528
369	1.0	69	6716
370	1.0	1211	1354	1466	1537	1608	2809	5048	5439	5460	6362	6623	7548	7750	9484	10075	11440	12205
371	1.0	29	197	430	948	1752	2021	2159	2292	3038	3381	3557	3803	4231	4265	4453	4805	4979	6958	7198	7406	7704	7894	8093	8325	8352	9302	9481	10214	10881	12084
372	1.0	76	486	615	791	882	1263	1435	1523	1712	1719	1829	1893	2184	2402	2487	2835	2961	2982	3820	3850	4273	4425	5105	5208	5411	5479	5804	5929	5968	6056	6269	7016	7358	8883	9173	9419	10077	10152	10167	10300	10701	10754	11070	11311	11396	11467	12045
373	1.0	364	405	438	575	889	1826	1923	2033	2178	2232	2403	2536	2776	2794	3104	3789	4208	4632	5316	5387	5449	6131	6553	6565	6767	7344	7444	7559	8719	8796	10303	10970	11508
374	1.0	651	675	846	2014	2521	2703	4224	4427	5588	7518	7793	9455	10228	11421	11730	12172
375	1.0	1937	2650	4925	5106	5861	7160	8840	9600	10986	11852
376	1.0	143	555	1874	3037	3589	4578	4860	5025	5252	5321	5331	6047	6174	6316	6486	7284	7472	7515	8274	9046	9462	10667	10808	11066	11198	12381
377	1.0	113	159	733	1453	1729	2238	2428	2447	2518	2574	3125	3201	3618	3903	3913	3992	4405	4666	4674	4865	5404	5676	6040	6238	7391	7687	7908	8117	8132	8253	8438	9174	9394	9684	9967	10437	11011	11780	11863	12120	12433
378	1.0	680	721	953	974	1927	2508	2800	2805	3014	3339	3651	4794	5015	5043	5247	6281	6699	7210	8593	10505	10960	11014	11295	12159	12518
379	1.0	710	934	2481	2564	2632	2790	3263	3722	4269	4364	4373	4467	5336	5522	6127	6214	6355	6381	6399	7471	7781	7786	7933	8250	8450	9201	9445	9513	9558	9678	10053	10307	10514	11490	11694	11813	12049	12579
380	1.0	1384	1496	4160	6141	6596	7463	7706	7888	8571	8649	9320	9539	9992	10071	11388	11427	12108
381	1.0	598	940	1539	2130	2442	3795	5661	5745	5972	5984	6173	7237	8027	8174	8447	8641	9318	10827	11482
382	1.0	5	369	859	879	1353	1727	2255	2259	2280	2654	2912	3621	4730	5084	5615	7326	7342	7718	7825	8077	8439	8627	8859	8903	8941	9152	9749	10921	10950	10962	11020	11109	11443	11588	11824	11990	12100
383	1.0	1019	1776	2322	2477	3079	3385	3461	3639	4222	4616	4629	5592	6258	8530	10160	10274	10828	10989	11110	11336	11471
384	1.0	399	600	954	1295	1854	4764	5599	5632	5936	6078	7113	8604	10046	12525
385	1.0	1913	3930	4753	5324	5892	7350	8177	8834	9012	9054	10332	10757	10924	11191	11789	11855	11947
386	1.0	125	1449	2065	2194	2492	2577	2712	2909	4609	5334	5373	5516	5657	6530	7627	7848	7963	8061	8157	8196	8555	9498	9605	10897	11457	11762
387	1.0	1557	3981	4090	6476	6604	7468	7496	8767	10767	10933	11974
388	1.0	1293	1953	3119	3353	3914	4451	4875	4978	6710	6781	7081	7689	8962	9000	10371	10988	11021	11050	11885	12165
389	1.0	535	749	951	981	1564	2473	2544	2562	2881	3012	3357	3392	3601	3630	4083	4466	4532	4557	4593	4642	4787	5284	6176	6203	6244	7424	7543	7834	7967	7987	8532	9101	9188	9191	9748	10647	10658	10772	11080	11115	11225	11541	11926
390	1.0	1002	1364	1540	1928	2606	3760	4968	5098	5362	5883	6094	7244	7741	8147	8405	8545	8824	10948	10954	11313	11825	11865	12044	12122	12194	12417
391	1.0	132	351	479	481	507	641	1133	1398	2653	3150	6172	6601	6967	7433	8302	8546	9732	10446	11512	12161
392	1.0	88	1008	3369	3824	4067	4173	4232	4341	6075	6441	8055	8148	8451	8592	8900	9759	11118
393	1.0	52	75	264	817	858	1350	1421	1440	1476	1662	1723	1909	1984	2691	2796	3665	3682	4324	4385	4446	5581	5756	6034	6085	6211	6358	6403	7439	7867	8048	8579	9291	9920	10191	10373	10428	10546	10796	10812	11222	12048	12429	12549
394	1.0	1605	4192	4671	4999	6190	6221	7212	7619	7893	8149	8180	8553	9540	9622	10133	10134	10382	10654	11536	11756	12241
395	1.0	706	1471	1791	1917	2095	2166	2211	2424	2665	2856	3485	3614	3616	3620	4908	4954	5351	5353	6145	6237	6302	7165	7185	7209	7926	9070	9568	9575	9603	9708	10914	11128	11207	11826	11896	12055	12289	12352
396	1.0	152	165	183	213	214	232	240	259	315	323	332	341	354	494	502	554	564	599	608	658	664	669	673	698	800	864	868	919	952	975	976	983	992	1028	1036	1108	1127	1179	1200	1221	1223	1240	1245	1258	1264	1292	1394	1452	1458	1465	1478	1490	1498	1501	1503	1686	1697	1757	1771	1772	1798	1806	1823	1825	1835	1886	1905	1922	1945	1947	1982	2061	2115	2148	2168	2170	2244	2279	2317	2320	2343	2371	2390	2393	2430	2432	2469	2491	2510	2515	2587	2589	2591	2652	2718	2780	2806	2827	2837	2854	2874	2892	2933	2973	2975	3022	3024	3116	3139	3193	3204	3244	3255	3287	3310	3311	3319	3324	3326	3356	3361	3365	3377	3422	3463	3560	3582	3721	3726	3735	3810	3891	3897	3919	3969	4031	4128	4227	4242	4247	4274	4283	4313	4362	4365	4384	4409	4431	4435	4510	4538	4560	4589	4612	4648	4655	4661	4687	4691	4709	4713	4720	4725	4729	4737	4740	4836	4854	4864	4877	4885	4890	4920	4924	4946	4952	5027	5073	5075	5077	5137	5154	5203	5207	5233	5238	5263	5294	5297	5319	5385	5429	5469	5521	5532	5541	5566	5589	5629	5633	5651	5670	5686	5708	5787	5864	5908	5943	5997	6053	6100	6116	6130	6132	6209	6223	6227	6248	6254	6345	6359	6365	6377	6387	6409	6433	6504	6509	6526	6538	6576	6622	6653	6815	6860	6868	6935	6953	6965	7003	7036	7116	7122	7134	7142	7228	7236	7252	7263	7275	7277	7297	7372	7405	7470	7572	7664	7668	7675	7717	7733	7744	7784	7796	7807	7815	7836	7843	7875	7896	7901	7940	7958	8038	8040	8074	8089	8096	8131	8161	8176	8190	8224	8226	8259	8287	8294	8436	8452	8462	8497	8508	8519	8576	8640	8779	8797	8856	8861	8876	8907	8912	8975	9008	9009	9033	9050	9099	9123	9130	9149	9183	9186	9204	9210	9218	9255	9268	9284	9314	9331	9333	9356	9368	9374	9377	9392	9395	9415	9489	9512	9526	9542	9549	9556	9560	9566	9570	9627	9659	9694	9737	9780	9851	9879	9904	9907	9930	10017	10026	10107	10174	10232	10254	10288	10309	10310	10351	10404	10435	10480	10519	10531	10545	10613	10620	10645	10656	10672	10712	10732	10789	10818	10821	10860	10883	10931	11027	11074	11078	11088	11140	11149	11155	11170	11205	11210	11218	11267	11269	11279	11282	11283	11342	11395	11422	11462	11495	11517	11546	11549	11560	11563	11577	11593	11600	11616	11629	11643	11672	11699	11725	11803	11829	11851	11986	12009	12012	12018	12019	12053	12062	12132	12141	12175	12188	12216	12224	12240	12242	12248	12260	12262	12297	12299	12300	12405	12424	12434	12508	12556	12564
397	1.0	2007	2957	5820	5821	5859	5899	7884	11420	11749	11948	12008
398	1.0	90	7818
399	1.0	1020	1082	1144	1538	1555	2401	2512	3013	4056	4456	5217	5562	6177	6419	6570	6693	6963	7146	7897	7912	8313	8946	10272	10292	10420	11812	11857
400	1.0	103	2013	2333	2405	3162	4469	4610	5212	6028	6634	6644	7063	7791	7879	7991	10164	10456	10470	10863	10922	10930	11233	11483	12041
401	1.0	557	1044	2138	3083	3286	3481	3606	3769	4000	4571	4699	4838	5109	5287	6639	6806	6996	7476	8065	8922	9027	9292	9547	9951	10235	10260	10709	11640	12000	12178
402	1.0	30	985	1370	1372	1561	1681	1920	1934	2122	2160	3078	3206	3418	3659	3661	3713	3731	3829	4037	4349	4975	5626	6069	6097	6320	6349	6393	6432	6820	6982	7130	7170	7449	7684	7919	8071	8653	8836	8952	9479	9571	10033	11093	11097	11437	11619	11946	11961
403	1.0	325	1502	2688	3051	4186	5271	6124	6590	6805	6892	8363	8888	9224	10110
404	1.0	792	881	1489	1926	2120	2254	2256	2261	2325	2543	2678	2798	3441	3928	4018	5453	5682	5931	5973	6125	6234	6346	6890	6914	7080	7416	7492	7772	7895	7970	8219	8884	9816	10592	11043	11169	11498
405	1.0	870	1048	1235	1767	2429	3447	3556	3579	3768	4545	4633	4765	5094	5143	5185	5462	5609	6232	6292	6759	6793	6976	7952	8273	8328	8349	8564	8842	10319	10737	11105	11291	12091	12286	12463
406	1.0	223	905	925	1132	1152	1359	3305	3567	4766	4820	5980	7445	7571	9037	10911	11559	11999	12025	12070	12206
407	1.0	808	1903	2295	3040	3684	3927	3978	5243	6119	6712	7340	8082	8109	9263	9425	10743	11786	12054
408	1.0	8	74	453	576	1251	1256	1546	3126	3729	4297	4584	4826	5436	6151	6827	6894	7022	7059	8024	8323	8609	8645	9140	9306	9559	10159	10255	10316	10365	10935	11141	11695	11731	11838	11842	12087	12313
409	1.0	367	455	671	913	1290	2739	3715	3745	5255	5776	6050	6878	7009	8234	8552	8614	8974	9220	10054	12127
410	1.0	908	918	1303	1329	1817	3406	4905	5392	6698	7549	8045	8368	8802	8954	9561	10221	10538	11368
411	1.0	3751	3826	3997	4162	4455	4622	4723	5456	5828	6164	7235	7730	9074	10537	10969	11223	11656	12211	12577
412	1.0	425	614	1408	2285	3182	3323	3628	3802	3807	4682	5722	5914	5919	6388	6832	6857	7106	8541	8835	9110	9712	10043	10353	10981	11578	11627
413	1.0	3977	5653	9520
414	1.0	420	1074	1138	1244	2112	3338	3498	4084	4286	4299	4583	5097	5478	5620	5695	6874	7021	7120	7373	7374	7419	7503	7594	8199	8556	8591	8832	8961	10106	10231	11530	11554	11557	12011	12285
415	1.0	1120	2242	3163	4290	5110	5213	6961	7229	7921	7929	10885	11142
416	1.0	195	568	1532	3932	5135	5211	5370	5694	5870	6474	7018	7974	9061	9443	9679	10720	11009	11022	11081	11329	11464
417	1.0	40	112	419	543	1150	1365	1865	2059	2679	3243	3419	4062	4229	4259	4808	5379	5725	6147	6672	7685	7787	7853	9214	9422	11436	11620	12057	12060
418	1.0	886	1239	1547	2341	2486	4240	5044	5254	5511	5748	6563	6824	6908	7989	7998	8272	8733	9330	10031	10944	12192	12413
419	1.0	478	677	722	798	1889	2225	2839	3467	3597	4886	6029	7247	7310	7484	8239	10218	10982	11127	11195	11637
420	1.0	696	751	1283	1632	1822	2441	2470	3091	5054	5059	7319	8765	9934	10495	10791	12458
421	1.0	1574	1710	1875	1884	2108	2272	2330	2624	2666	3026	3179	3262	3572	3631	4166	4884	4980	5215	5669	5712	5780	5890	6067	6157	8671	8764	8871	9057	9315	10287	10725	10790	10849	11537	11615	12409	12541
422	1.0	202	1043	1231	1405	1861	2164	2622	2853	3533	4866	4957	5269	5635	7561	7713	7978	8092	8229	8382	9279	12004	12282
423	1.0	449	1600	1954	2742	2976	3075	3476	5288	6440	6461	9317	9508	11701
424	1.0	288	923	1064	1072	2420	2646	2803	2847	4085	5713	5767	5956	6547	6921	7388	8261	8393	9574	9608	9916	10644	11895
425	1.0	43	173	657	780	2639	3100	3109	3373	3778	4748	6503	6786	7182	7817	8379	9177	9490	10266	10283	10807	10939	11822	11845	11858	11915	12148
426	1.0	250	398	457	503	876	2996	3372	4180	5147	6790	7882	8670	8896	9084	9143	9947	10454	11632	11761	11778	12430	12472
427	1.0	2414	3861
428	1.0	2476	2968	3295	3672	3816	3832	4275	4751	5194	5361	5468	5590	6916	7621	8933	8994	9063	9196	9499	9569	10362	11473	11505
429	1.0	210	766	3328	4959	5536	5625	11877	12422
430	1.0	300	2823	3331	3612	8335	9534	9638	9859	9888	10462	11466	12160	12575
431	1.0	20	491	1111	1864	2174	2383	4445	4977	5191	5428	5783	5811	5837	6304	6450	6879	7443	7458	7690	8622	9344	9348	9544	9683	9691	9953	10449	10520	10585	10786	11029	11117	11121	11260	11514	11755	11957	12404	12505
432	1.0	228	1706	2474	3367	3471	4756	5505	5982	7148	8041	10056	10375	11591	12203	12391
433	1.0	13	207	320	470	631	682	871	2094	2150	3011	3437	4187	7351	7553	8585	8698	8923	9096	11945	12005	12029	12150
434	1.0	2398	2533	4311	5723	5955	9167	9211	9335	10289	12303
435	1.0	1399	3259	4574	6008	9767
436	1.0	1003	9254
437	1.0	64	164	269	468	1173	1607	2203	2437	2629	2782	2895	3237	3240	3509	4439	4758	4788	4863	5030	6123	7602	7603	7924	8322	8372	8844	9154	9937	10113	10543	11378	11775	12052	12368	12383	12449	12557
438	1.0	95	182	352	894	1988	2114	2488	2565	2693	4264	6138	6436	7096	7396	7604	7778	8145	8515	8705	9865	11344	11379	11906	11980	12407
439	1.0	105	2012	2042	2384	2911	4092	4104	5790	6017	6185	7498	7582	7858	8206	8248	8548	9006	9932	9993	10049	10153	10299	10568	11567	12094	12462	12492
440	1.0	188	273	413	838	904	986	1262	2350	3017	3137	3644	3796	3808	3975	4009	4319	4503	4528	4549	5570	5784	6371	6498	6697	6877	6881	7078	7481	7485	7595	8202	8268	8489	8747	8893	8960	11048	11143	11341
441	1.0	163	477	670	742	1674	2212	2663	2686	3662	3907	4073	4165	4963	5894	7390	8211	8278	8734	8995	9336	9382	10530	10774	10884	11614	11700	11817	12316
442	1.0	168	192	208	1483	1715	2596	2757	3128	3212	3634	3835	3871	4390	6988	7634	8344	8441	8478	8947	9283	10132	10154	10323	10475	11361	11491	11583	11625	12169	12275
443	1.0	896	1551	3045	3080	3704	3842	4101	4400	4437	4847	5427	5925	6048	6952	7365	7774	7775	7982	8019	8455	8509	8906	9889	11103	11607	11667	12460
444	1.0	450	769	1485	1730	1812	2113	2921	4415	6451	6696	6751	6949	8380	8411	8874	9733	9954	11006	11493	11777	12128
445	1.0	590	653	1066	1135	1413	2163	2260	2625	3171	4408	4479	4600	5001	5067	5138	5172	5884	6734	7231	7766	7941	8374	9010	9541	9553	10183	10350	10651	10677	10716	11538	11830	12374
446	1.0	1269	1948	2241	2366	3231	5082	6148	6488	6529	6980	7660	8225	8399	10487	11312	11486	12267	12484
447	1.0	375	1045	1629	1663	2436	3289	4008	4040	4075	4721	4770	7268	7437	7495	7499	7857	8122	8599	8706	8795	9305	9440	9853	10305	10320	10408	10690	10721	10753	10763	11024	11929	12223
448	1.0	592	892	1285	3111	4234	4263	4404	5619	5798	6783	7615	7805	8976	9418	10253	10433	10689	11091	11135	12509
449	1.0	381	540	2221	2408	3420	4421	4850	4962	5171	5561	6276	8192	8525	9098	9325	9973	10205
450	1.0	237	396	501	637	891	960	969	1060	1232	1507	1675	1811	2453	2602	2697	2896	3249	3707	4033	4465	4565	5209	5410	5552	6922	7010	7671	7676	7731	8088	8144	8472	8527	8724	8811	9128	9158	9365	11064	11162	11356	11480	11808	12182
451	1.0	1924	2750	5390	5396	6175	6671	8309	9236	9247	9722	9915	10429	10517	11832	12202	12386	12583
452	1.0	1960	2245	2600	3145	3853	3872	3993	4819	5491	6589	6761	7173	7993	8346	9031	9943	10181	10184	10504	10590	12119
453	1.0	790	1021	1246	1688	1971	2198	2455	2910	3235	3247	3378	3517	4017	4078	4416	5222	5922	6460	6741	6956	7417	7878	7885	8218	10251	10842	10923	11706	12104	12187
454	1.0	935	1328	2201	2614	2989	3095	3964	3980	4029	4366	4607	5802	6517	7829	8090	8820	9260	10347	11113
455	1.0	16	257	334	435	526	787	860	1000	1358	1628	1850	2046	2063	2359	2506	2773	2917	3236	3274	4489	4856	4966	5463	5777	5852	5869	6139	6489	6640	6766	6826	6946	6981	7052	7262	7282	7453	7511	7530	7531	7568	7914	8124	8205	8324	8402	8420	8815	8829	9002	9049	9376	9447	10014	10128	10220	10280	10339	10415	10492	10823	10906	11164	11196	11489	11651	11798	12080	12179	12219	12308	12397
456	1.0	1142	2310	2647	2702	3334	3386	4903	5024	5395	5683	5727	5940	5967	6375	6431	6490	6592	6950	7190	7356	7588	7773	7873	7889	7990	8613	8721	8801	9240	9347	9485	9827	9832	9850	10493	11090	12428	12470
457	1.0	744	1031	2147	2528	2838	2947	3318	4472	4814	5040	5053	7964	8111	8679	8714	8750	8963	9222	9241	10035	10478	10559	11016	11072	12221	12324	12331
458	1.0	1305	1732	2009	2396	3202	4013	4688	5039	5697	6274	7973	8076	10378	10500	11429	11601	12356
459	1.0	605	7308
460	1.0	53	110	645	995	1185	1878	2374	2864	3257	3724	4541	5011	5051	5189	5709	6089	6179	6455	6525	7552	7570	7809	8062	8440	9265	9723	9726	10097	10412	10777	11335	11683
461	1.0	4778	11987
462	1.0	77	181	538	685	772	855	978	1095	1182	1225	1572	1991	2462	2655	2931	3001	3790	3952	4457	4693	4696	4870	5285	5457	5634	5764	5963	6243	6513	6620	6732	7255	7521	7797	7872	8511	8567	8978	9043	9427	9460	9717	9975	10047	10069	10692	11181	11553	11692	11869	11893	12076	12093	12414
463	1.0	731	771	796	939	1652	2263	3110	3342	3364	3526	4462	4652	4827	5003	5126	5604	5882	6171	6794	7693	8017	9891	10501	11930
464	1.0	160	440	663	1130	1280	2918	3375	3852	4654	5487	6318	6564	7618	8113	8728	9782	9958	10461	10477	10869	11533	11611	11693	11991	12343	12411
465	1.0	70	510	565	928	1625	1633	1933	2934	3563	3655	3916	4201	4419	4481	4628	5473	5525	6296	6578	7357	7512	9720	10602	11394	12040	12427
466	1.0	26	1921	3505	3511	3983	4463	4515	5673	6088	7464	8429	9449	9654	9983	10092	10370	11339	11552	11767
467	1.0	604	642	1016	2342	2733	3033	3577	4520	4619	4931	5498	6219	6808	7077	7324	7686	8839	9408	9453	9786	9961	10322	10706	10952	11229	11487	11558	11958	11977
468	1.0	1376	1646	3494	3954	4878	5133	6724	8042	9004	10483
469	1.0	702	1439	1897	2382	2621	2927	3089	3866	3990	4134	4333	4579	4670	4976	5623	5692	8005	8255	9639	9718	10233	10779	10810	11237	11752	11981	11994	12287
470	1.0	947	2010	3086	3663	5265	5815	5970	6390	7026	7393	7856	8312	8738	10039	10942	11318	12453
471	1.0	718	2876	6466	12567
472	1.0	342	1272	1773	2964	3172	3451	3716	5065	5644	6195	6239	6246	6625	7204	8057	9165	9208	9231	10836	11262	11714	12445
473	1.0	371	404	461	489	893	1201	1204	1334	2352	2463	3484	3506	4002	4038	4477	4834	5146	5529	5941	6446	6447	6533	7267	7421	7465	9239	9817	11046	12043	12585
474	1.0	133	760	867	907	930	1242	1355	1589	1593	2189	2321	2720	3335	3352	3472	4057	4552	4677	4839	5103	5228	5575	5781	6180	6845	8369	8495	8595	8881	9040	9161	9468	9488	9517	9751	9846	9872	9908	10105	10194	10597	10612	10776	10803	10926	11292	11360	11453	12546
475	1.0	60	180	284	384	442	493	567	753	1286	2538	2638	2690	2842	2978	3021	3112	3383	3801	3960	3988	4060	4448	5061	5182	5302	5739	5961	6352	6748	6990	7057	7251	7757	8185	8446	8872	9340	10079	10611	11242	12348	12466
476	1.0	1309	6060
477	1.0	2	542	734	1140	2257	2627	2863	2899	2995	3099	3146	3427	4032	4529	5060	6723	6917	7366	7920	8059	8098	8783	9094	9642	11159	11214	11555	11623	11998	12359
478	1.0	55	253	403	456	729	1124	1533	1595	1857	2034	2073	2139	2219	2545	2599	2628	3592	3608	4395	4825	4997	5152	5282	6293	6411	6774	7333	7452	8338	8430	8590	8722	8882	9507	9614	9880	10856	11248	11904	12265	12319	12362	12467
479	1.0	119	171	532	551	586	666	703	1057	1197	1521	1813	2372	2936	3865	4521	4824	5611	5706	7254	7509	7663	7783	7821	8101	8485	8860	9036	9538	9774	9844	9939	10158	10338	10717	11702	12034
480	1.0	7614	9478
481	1.0	3005	4614	4857	5268	5641	6091	6133	9360	10192	11100	11511	11747	11996	12144
482	1.0	1284	3208	3546	3730	4585	5652	6122	7245	7583	7864	8262	10085
483	1.0	1415	1616	1691	2047	2833	3959	4016	5499	6893	10680	11408	11444
484	1.0	1477	1505	1883	1936	2154	2190	2375	2785	3756	4050	4357	5295	6469	7681	7838	7934	8435	8563	9245	10247	10443	11343	11641	11916	11924	11959	11970
485	1.0	126	243	302	938	1104	1160	1321	1426	1950	3918	4323	4512	4533	4812	5264	5584	6755	8388	9180	9298	9491	9519	9671	9729	10068	11044	11401	12305	12406
486	1.0	650	1871	2296	2682	2764	4971	5313	5378	6002	6165	6245	6555	7042	7117	7947	8252	8306	9516	9617	9874	9924	10189	10749	10751	11068	11250	11294	11609	12167
487	1.0	635	1644	2722	3115	3486	4110	4133	4536	4663	5730	6059	7506	7835	7959	8314	8422	9296	9728	9933	10423	10603	11881
488	1.0	124	1469	1619	1786	3187	3209	3765	3941	4217	4266	4447	4675	5161	5401	5461	5934	6196	6413	6558	7118	8491	8852	9102	9207	10091	10204	10666	10734	10998	11151	11286	11967	12032
489	1.0	108	216	834	1332	1373	3120	3246	3439	4334	5168	5343	5471	6599	6677	6843	7819	9018	9552	9594	9744	10314	10438	11723	11835	12066	12420	12526
490	1.0	189	200	436	563	835	962	2193	2223	2323	2673	2956	2959	3800	3860	4122	4132	4852	5210	5350	5364	5977	6369	6470	6803	7159	7635	8012	8531	8626	8985	9380	9401	10101	10524	11231	11738
491	1.0	350	1367	1951	2071	2558	3256	4054	4117	4669	4953	5314	5424	5779	6113	7724	9406	12535
492	1.0	347	619	1573	1579	1664	2015	2348	2540	2926	2939	3036	3133	3759	5184	5446	6468	6544	8432	8680	9342	10126	11045	11108	11285	11515	11653	11722	11927	12027
493	1.0	495	527	5753	10178	12539
494	1.0	512	786	803	1035	2335	4473	4653	4739	5086	6326	6367	7006	7457	10344	10853	11716	11879
495	1.0	423	910	1017	1117	2109	2207	2802	2888	3070	3488	3648	4507	4672	5153	5162	5649	5765	5791	6322	6571	6593	6657	6779	6797	9120	10576	10646	10660	10682	11245	11276
496	1.0	1026	3757	4197	4523	4718	4755	6230	6414	6566	6931	7014	7054	8021	8582	8716	8889	9702	10109	11516	11776	11788	12215
497	1.0	667	990	2557	3105	3633	4035	4340	5279	5660	6768	7412	7859	8467	8648	9852	10448	12063
498	1.0	2406	2932	5093	6026	6637	7111	7265	7272	8464	10800	11561
499	1.0	39	169	199	378	727	809	1270	1343	1374	1378	1475	1542	1620	1638	1702	1818	1958	2055	2554	2730	2850	3273	3859	4168	4211	4267	4694	5548	6198	6658	6688	6720	6945	7095	7411	7628	7754	7833	7846	8201	8408	8846	9162	9234	9243	9249	10166	10301	10947	11010	11057	11133	11382	11769	11854	11923	12099	12531
500	1.0	890	3413	6421	6940	7753	8803	9085
